0	11	5	5	4	1	6	4	13	31	4	2	1	4	3	3	26	37	5	2	3	6	2	1	50	36	5	3	1	3	3	3	26	41	5	4	3	4	5	6	31	27	3	2	3	1	3	7	34	26	6	1	4	5	2	3	34	2	6	9	4	14	8	12	13
10	11	1	4	1	4	7	7	11	25	6	4	2	4	7	4	23	39	2	3	2	6	4	4	42	45	4	1	3	6	1	6	25	23	6	4	7	6	4	5	26	34	4	3	4	5	4	5	32	27	1	2	3	6	4	6	28	11	10	10	9	8	11	9	16
20	9	3	3	1	6	3	8	12	36	10	1	6	4	4	7	32	48	3	4	3	1	2	6	30	41	1	1	10	7	5	7	38	37	3	7	11	6	7	6	34	55	6	0	6	6	6	9	36	20	4	3	1	6	1	6	29	15	10	9	6	5	12	4	21
30	6	6	2	1	6	15	8	5	43	4	4	2	2	6	9	38	51	4	4	2	2	4	6	41	34	7	2	6	2	4	4	37	30	6	7	3	6	12	10	43	43	4	5	8	7	5	11	48	25	9	4	4	5	5	6	37	10	3	3	5	10	10	10	18
40	5	4	8	6	8	6	6	16	29	6	3	6	5	6	10	34	54	6	1	1	2	5	5	40	55	7	2	3	7	7	6	30	44	6	3	10	3	3	2	43	55	3	3	1	9	10	5	49	29	4	4	0	8	8	3	33	13	4	5	4	11	10	11	21
50	4	10	2	5	4	9	3	16	23	6	8	3	7	3	3	44	59	10	3	4	9	4	2	46	34	6	4	4	7	7	6	46	46	6	4	6	3	5	8	44	48	3	5	8	6	7	9	62	21	7	4	8	11	9	11	38	12	16	7	8	10	8	12	15
60	9	11	9	6	13	9	6	13	37	12	6	5	6	5	9	34	60	14	7	2	3	5	10	55	45	7	6	4	1	3	7	50	55	12	3	6	8	6	10	51	48	7	6	5	10	3	9	49	33	9	4	11	6	9	8	41	17	10	14	8	7	11	13	28
70	19	9	12	8	11	7	10	22	57	8	5	4	6	8	11	41	73	13	3	3	5	3	9	54	52	9	3	3	11	7	9	52	43	16	6	9	8	9	14	55	33	9	12	7	7	4	11	53	32	10	5	3	8	8	2	40	15	17	18	11	9	10	19	28
80	16	15	11	6	8	15	14	12	47	4	13	8	6	9	13	45	73	10	9	6	4	11	16	65	62	10	6	4	6	9	10	47	55	13	5	10	11	4	14	68	70	8	6	14	14	9	9	60	31	8	9	6	13	13	8	48	13	11	16	16	18	19	11	25
90	22	9	20	8	9	16	11	22	48	12	10	4	6	17	6	35	63	15	5	5	4	4	9	61	66	0	3	5	10	9	16	49	56	11	0	16	13	6	12	62	72	13	13	6	7	7	14	66	39	8	5	10	9	5	7	49	27	14	14	18	12	18	21	30
100	17	5	5	9	10	12	17	30	50	20	8	6	12	13	10	62	73	22	7	4	6	5	17	53	58	11	7	8	21	16	7	63	71	13	7	13	8	11	17	52	61	11	12	8	8	9	16	59	49	10	8	13	22	14	11	41	27	9	12	17	14	16	26	35
110	21	7	8	13	7	14	24	41	62	16	7	9	11	2	13	63	73	15	8	7	3	13	16	88	69	9	5	7	15	15	18	60	71	22	12	13	12	14	12	69	73	11	14	11	9	17	26	85	45	21	9	10	20	13	12	56	27	16	34	19	11	25	26	42
120	13	11	19	6	16	29	15	28	63	20	5	11	11	12	13	66	89	11	7	6	11	13	23	81	80	16	9	10	14	14	18	60	82	22	14	34	18	19	21	72	79	14	10	18	16	20	12	82	46	6	14	10	25	13	10	61	16	15	22	24	17	29	27	39
130	32	10	17	9	13	34	23	23	74	25	7	8	16	18	12	71	113	16	11	4	10	10	28	95	90	9	8	15	14	16	18	51	112	29	15	30	17	19	12	84	116	14	14	12	18	12	23	92	71	15	13	12	20	10	13	73	25	16	43	21	30	30	33	55
140	25	17	12	14	11	21	20	24	61	14	10	6	18	18	19	57	102	16	8	6	13	15	18	71	79	16	6	16	23	20	22	68	80	26	21	27	12	22	24	88	99	18	21	20	22	25	34	79	57	22	14	21	23	15	17	76	33	23	32	21	30	44	36	61
150	34	18	17	11	15	42	22	26	92	22	20	12	17	24	30	80	94	13	20	6	9	14	27	92	88	18	14	9	19	28	25	74	95	32	14	32	18	27	30	86	95	27	22	26	24	23	28	88	65	28	13	24	46	18	19	96	36	36	51	34	25	55	36	80
160	36	23	21	15	30	40	29	43	88	30	15	10	28	24	30	89	131	29	19	13	17	15	28	122	113	13	12	12	19	38	26	87	112	27	18	50	35	18	36	92	111	17	33	34	24	25	50	92	77	37	16	34	49	18	15	102	36	42	70	39	28	54	47	90
170	37	34	26	15	26	58	42	60	80	43	15	8	35	18	31	106	119	45	25	15	19	23	43	131	84	29	9	11	36	33	31	94	120	37	12	39	22	28	45	106	107	34	23	25	38	38	59	119	72	39	18	36	45	33	17	117	40	55	88	59	53	78	49	113
180	35	34	17	23	34	70	34	42	114	49	21	12	28	29	44	122	113	41	22	9	24	26	55	162	93	25	18	20	42	36	42	109	129	48	23	67	34	31	50	128	105	38	30	40	42	36	74	109	67	33	15	30	70	21	41	130	41	55	93	52	52	102	71	120
190	41	32	21	23	28	77	49	64	90	49	26	18	40	49	46	131	138	30	23	10	25	19	52	181	113	30	13	27	48	46	47	131	118	63	30	94	59	41	43	141	98	52	36	47	59	38	81	102	77	50	23	35	80	32	25	136	54	81	130	62	55	104	75	135
200	38	53	36	39	46	105	59	77	116	53	28	12	67	45	67	154	155	49	40	21	40	33	70	214	130	37	22	29	58	67	55	149	151	86	45	121	71	45	73	147	137	50	41	47	63	55	92	110	122	61	35	82	100	35	47	165	66	85	169	85	91	162	102	165
210	44	50	23	30	49	134	77	64	108	73	51	17	73	67	76	190	163	48	47	25	38	50	91	265	122	54	36	31	77	65	59	178	142	105	37	127	77	43	60	163	130	67	63	56	91	70	135	139	109	72	45	65	126	41	36	222	70	101	168	120	101	177	115	219
220	61	65	46	30	48	174	99	94	137	84	56	15	93	81	101	241	165	58	57	25	35	64	113	325	140	56	30	46	93	97	73	191	177	118	72	152	77	59	105	202	170	57	79	82	127	79	172	148	139	105	33	97	132	53	46	271	81	120	243	137	155	240	187	212
230	60	58	64	37	78	199	131	109	138	119	64	20	116	103	121	246	202	94	71	28	54	80	124	321	145	72	32	67	129	129	88	198	209	157	75	208	110	92	148	268	176	98	71	115	166	98	189	174	153	108	65	130	197	74	72	321	111	163	321	147	171	254	209	261
240	52	85	66	39	89	272	156	104	151	170	83	45	172	124	161	271	196	112	81	28	85	76	177	400	163	88	49	61	130	160	116	253	191	188	72	219	155	97	187	314	195	80	125	113	183	154	231	215	172	166	88	139	221	76	81	355	114	200	321	205	235	321	224	343
250	54	123	73	58	102	272	196	143	169	211	96	38	162	165	188	331	228	118	113	38	88	110	206	451	188	114	53	65	174	171	149	284	252	202	128	283	189	129	197	358	207	127	132	143	234	159	291	227	211	184	112	166	245	114	102	405	138	242	364	233	276	398	282	340
260	69	133	102	61	141	317	257	185	192	250	123	50	228	187	182	360	314	142	119	35	107	125	242	442	225	126	71	90	192	229	182	346	277	279	131	291	224	163	225	405	227	129	172	170	277	164	323	263	209	244	139	217	319	140	140	427	179	291	421	306	333	401	319	409
270	83	207	147	95	159	409	264	202	220	302	174	58	286	220	258	438	305	195	148	47	136	138	276	553	257	149	99	107	260	256	166	373	301	272	146	380	279	195	293	450	252	176	206	208	303	245	340	296	268	271	185	269	359	194	144	555	176	337	488	351	391	501	383	528
280	89	244	189	123	179	416	317	282	255	373	220	63	315	275	327	488	362	202	176	72	159	202	338	607	282	188	110	144	302	316	236	398	327	384	175	400	329	240	295	523	289	209	298	259	334	259	412	344	305	302	187	341	409	224	172	589	194	369	613	396	420	531	441	552
290	92	279	234	138	238	474	373	279	305	403	241	94	348	305	370	555	424	285	258	86	208	206	355	648	340	241	113	153	316	346	260	464	412	414	226	505	400	291	347	586	321	251	294	290	438	331	466	405	377	347	217	384	431	257	205	606	283	460	598	395	499	604	450	599
300	110	316	276	174	292	554	424	358	306	444	301	105	399	376	366	584	490	340	273	94	269	258	446	691	375	291	169	203	363	421	343	554	477	381	239	489	415	344	378	616	371	334	322	356	486	399	505	445	430	418	295	411	519	286	263	727	299	544	671	478	563	604	530	675
310	162	416	304	232	363	610	494	422	337	471	379	143	422	423	401	650	573	348	313	103	297	316	451	822	403	323	200	250	413	403	381	562	536	414	308	579	460	400	478	697	426	334	428	360	525	423	578	499	492	438	325	497	531	379	297	783	395	588	673	557	558	684	573	707
320	173	433	379	309	386	632	510	474	435	563	383	193	486	461	495	740	567	400	372	152	353	393	533	835	475	348	259	267	497	457	450	686	624	509	347	571	511	407	501	782	461	383	411	450	592	490	585	601	550	457	389	485	603	418	394	822	431	580	795	561	653	711	656	780
330	182	527	453	351	455	684	562	511	462	574	432	227	544	504	570	765	638	455	415	171	352	399	521	928	531	447	326	343	527	478	466	686	649	552	402	605	578	507	547	862	501	456	473	481	577	545	670	645	577	524	472	515	636	432	389	889	486	702	720	619	713	785	709	807
340	278	571	511	427	495	692	641	609	576	580	526	288	536	526	549	766	738	532	450	231	407	479	563	918	609	491	334	362	588	532	521	772	770	594	462	587	589	499	597	831	612	521	537	532	620	585	641	683	680	582	495	595	639	549	451	962	548	729	816	661	758	826	753	865
350	273	612	575	506	547	711	676	588	690	648	531	342	592	597	630	789	843	567	519	276	451	506	649	956	731	463	413	429	588	604	584	864	785	564	490	634	610	606	593	910	673	486	547	550	599	585	682	805	710	618	552	620	601	540	554	996	619	785	870	725	752	843	767	927
360	319	624	594	560	606	784	713	684	698	659	556	361	623	593	624	859	875	598	541	356	506	572	637	1038	759	557	441	469	632	639	601	820	877	616	529	692	640	592	672	928	702	533	592	590	672	635	761	880	785	671	582	656	660	546	573	1066	652	842	845	776	806	852	819	1001
370	416	682	635	617	643	734	711	763	772	683	585	513	690	639	627	849	1042	624	521	403	536	570	698	1000	867	584	479	476	657	687	589	898	856	686	538	727	675	607	677	1013	733	568	617	629	666	664	761	881	840	745	631	706	706	653	593	1031	722	826	851	801	848	881	814	952
380	478	728	666	636	619	843	725	748	847	710	620	471	668	643	703	906	1007	692	601	369	600	614	671	1071	876	655	530	548	659	700	632	952	913	685	557	684	681	643	726	1021	892	643	666	647	730	729	804	895	938	698	645	730	685	631	660	1046	782	852	900	827	850	891	848	965
390	520	766	727	649	656	816	777	792	930	717	625	583	673	695	650	991	1037	648	671	478	659	638	644	1049	975	673	581	618	686	699	701	952	980	713	629	657	735	698	701	1096	897	681	693	676	680	662	730	1012	974	809	693	701	762	675	722	1176	813	902	976	834	919	876	902	1045
400	616	741	748	686	690	849	763	848	954	705	672	604	635	699	716	1036	1075	695	661	517	635	703	710	1117	1046	660	602	615	705	732	694	999	1128	716	669	733	721	714	742	1086	1005	675	689	716	707	729	809	1039	1044	746	706	709	792	666	784	1120	842	914	959	880	854	932	841	1055
410	647	818	788	689	757	891	819	848	1018	766	646	563	670	729	696	1065	1116	715	657	523	618	691	757	1151	1071	721	607	621	670	747	729	1007	1053	681	699	826	765	726	734	1126	984	722	734	708	693	764	802	1129	1061	803	705	766	704	718	768	1118	959	899	924	933	883	963	873	1060
420	704	844	779	748	806	860	801	986	1012	767	676	615	714	713	734	1001	1137	688	699	624	705	674	730	1111	1094	680	649	649	719	792	738	1091	1056	748	694	725	721	787	775	1136	1052	729	817	709	770	771	840	1114	1090	775	751	773	752	744	782	1138	945	932	979	916	906	960	970	1088
430	711	812	781	788	818	919	862	929	1082	766	726	655	733	736	777	1068	1269	733	657	630	703	707	803	1160	1141	717	667	698	732	756	746	1105	1162	800	661	803	762	699	769	1198	1030	722	804	748	764	743	855	1241	1130	874	759	831	809	778	783	1245	977	984	947	953	926	989	962	1130
440	789	892	838	806	822	938	867	1022	1063	792	694	656	730	760	787	1139	1216	726	680	647	698	705	785	1235	1160	713	681	691	718	793	811	1109	1178	768	750	830	780	774	793	1222	1203	798	818	774	801	742	872	1225	1167	917	824	803	770	782	877	1224	1016	962	961	967	965	933	977	1086
450	827	830	882	766	836	981	940	988	1167	790	681	665	777	759	807	1093	1303	761	747	663	764	787	775	1203	1211	779	719	733	780	749	811	1081	1279	873	742	848	772	760	809	1290	1120	812	899	810	802	815	933	1223	1207	885	836	808	811	835	838	1290	987	990	1001	943	921	928	954	1142
460	872	950	804	831	846	983	935	1027	1068	834	726	725	795	785	796	1154	1362	767	763	639	734	713	871	1293	1231	752	712	771	818	786	825	1214	1282	860	749	866	829	784	823	1297	1194	859	890	843	833	869	943	1286	1208	876	837	881	859	814	920	1287	1049	1052	1024	1002	948	982	1043	1256
470	922	897	838	827	866	1039	970	1134	1189	838	726	669	822	825	806	1189	1287	797	755	712	751	785	839	1247	1301	798	715	742	763	829	814	1207	1311	876	770	944	824	795	860	1323	1215	881	895	812	890	855	958	1301	1237	912	807	879	838	849	838	1330	1101	1037	1061	1025	979	1006	1013	1202
480	950	907	863	830	911	1029	1025	1170	1188	874	745	704	896	770	889	1194	1327	847	727	716	779	826	907	1294	1226	777	774	765	839	871	841	1191	1384	914	777	931	890	880	890	1370	1326	908	950	885	921	844	986	1279	1245	956	868	917	863	902	932	1345	1169	1028	1126	1039	979	1083	1000	1243
490	954	965	862	884	921	1111	1080	1216	1263	814	793	725	870	840	912	1241	1365	789	778	725	840	855	914	1354	1299	811	742	756	841	846	903	1257	1440	921	826	946	939	801	923	1396	1381	961	958	931	979	930	1063	1335	1307	980	896	957	883	883	888	1478	1189	1079	1175	1055	1048	1137	1089	1313
500	1013	983	918	907	950	1212	1083	1318	1195	859	780	772	973	889	900	1227	1433	828	756	743	812	948	934	1407	1379	817	811	797	881	868	867	1332	1440	1051	836	1058	934	972	958	1474	1294	951	1096	1010	1039	914	1068	1385	1330	1048	876	951	985	953	932	1436	1225	1099	1208	1101	1050	1109	1174	1356
510	1070	1014	936	916	990	1198	1252	1283	1327	944	758	769	1054	941	975	1294	1420	853	840	764	894	900	988	1350	1365	859	720	857	904	936	875	1384	1537	1083	899	1071	1041	912	938	1536	1411	1045	1074	1022	1086	1007	1169	1464	1375	1085	960	951	940	912	989	1571	1241	1173	1179	1079	1053	1121	1159	1414
520	1112	1030	970	937	1000	1274	1168	1441	1366	991	863	789	1051	952	947	1355	1437	867	844	786	897	918	947	1542	1433	858	783	796	946	1002	960	1349	1674	1053	1001	1119	1031	970	1125	1551	1581	1091	1192	1080	1131	1074	1216	1550	1394	1048	1052	1024	1032	959	1034	1651	1385	1176	1272	1173	1105	1225	1121	1575
530	1127	1042	1041	1046	1070	1305	1272	1373	1389	1061	828	872	1096	1030	1065	1399	1522	928	873	758	933	932	1106	1544	1431	932	849	884	960	1025	1006	1442	1775	1167	1048	1148	1095	1086	1048	1664	1626	1262	1303	1216	1227	1157	1291	1547	1460	1167	1119	1016	1041	1026	1007	1704	1375	1250	1342	1198	1189	1268	1233	1534
540	1126	1117	1014	981	1136	1396	1314	1510	1407	1035	922	876	1165	1145	1113	1508	1535	1005	944	766	985	1024	1154	1676	1377	932	870	831	999	1181	1026	1522	1807	1248	1017	1231	1143	1065	1199	1822	1668	1268	1386	1271	1254	1202	1386	1569	1498	1193	1110	1065	1162	1089	1109	1849	1403	1361	1432	1227	1185	1339	1281	1595
550	1153	1208	1157	1116	1237	1431	1340	1677	1512	1177	965	913	1238	1124	1071	1515	1663	996	1035	826	1040	1067	1149	1774	1510	1045	869	872	1045	1163	1033	1587	1894	1314	1095	1306	1214	1157	1227	1887	1645	1363	1385	1355	1346	1287	1394	1677	1529	1286	1132	1208	1203	1151	1203	1813	1548	1362	1409	1298	1324	1360	1322	1762
560	1207	1226	1155	1098	1195	1452	1418	1640	1483	1129	973	976	1287	1195	1270	1596	1668	1046	1124	845	1013	1152	1222	1808	1586	1058	905	963	1157	1229	1152	1650	1935	1353	1208	1325	1280	1181	1365	1915	1722	1451	1424	1343	1433	1358	1421	1744	1533	1356	1292	1263	1339	1169	1262	1984	1662	1379	1471	1304	1386	1453	1375	1828
570	1285	1299	1286	1144	1335	1522	1494	1825	1677	1249	1074	1111	1311	1263	1337	1775	1750	1203	1149	872	1252	1255	1342	1959	1612	1093	981	980	1203	1281	1276	1840	2027	1431	1193	1435	1340	1252	1437	2023	1909	1465	1543	1495	1462	1529	1583	1860	1729	1393	1282	1336	1391	1285	1390	2029	1702	1470	1598	1421	1418	1584	1541	1962
580	1374	1370	1301	1198	1360	1624	1567	1901	1720	1335	1208	1209	1342	1353	1365	1808	1781	1275	1279	954	1251	1362	1423	2020	1656	1189	1122	1111	1217	1336	1297	1888	2223	1509	1266	1450	1393	1361	1486	2187	1870	1593	1580	1599	1563	1490	1714	1940	1890	1462	1337	1350	1390	1327	1420	2219	1781	1591	1611	1555	1496	1591	1649	2052
590	1572	1422	1419	1372	1459	1693	1663	1967	1938	1438	1224	1234	1439	1367	1412	1889	2039	1324	1418	1098	1369	1412	1542	2171	1834	1333	1119	1113	1325	1412	1359	1961	2369	1612	1411	1584	1439	1416	1554	2230	2100	1743	1648	1556	1576	1497	1735	2072	1978	1577	1470	1481	1397	1435	1467	2222	1924	1753	1712	1498	1520	1594	1714	2122
600	1579	1539	1455	1345	1523	1739	1720	2035	2013	1482	1286	1277	1498	1471	1504	2004	2190	1453	1420	1104	1395	1457	1626	2263	1973	1395	1209	1236	1417	1484	1497	2126	2373	1682	1448	1616	1529	1499	1654	2347	2177	1759	1741	1679	1605	1648	1813	2131	2036	1573	1505	1530	1532	1506	1504	2319	2072	1747	1825	1649	1612	1738	1761	2309
610	1733	1657	1496	1505	1601	1865	1829	2177	2159	1496	1287	1409	1523	1569	1518	2241	2290	1586	1488	1249	1516	1631	1774	2426	2121	1463	1276	1330	1471	1639	1530	2424	2583	1859	1559	1665	1515	1512	1636	2478	2255	1911	1851	1687	1667	1640	1868	2397	2249	1869	1637	1529	1571	1524	1622	2405	2270	1964	2036	1663	1703	1757	1855	2645
620	1952	1749	1617	1587	1615	1927	1957	2351	2315	1723	1404	1437	1586	1557	1618	2323	2403	1648	1556	1349	1561	1648	1959	2772	2402	1673	1328	1394	1671	1605	1610	2404	2682	2165	1587	1897	1595	1619	1910	2820	2647	2053	2027	1715	1683	1782	2028	2537	2414	2062	1722	1609	1643	1613	1733	2693	2595	2114	2197	1690	1704	1943	2058	2845
630	2129	1944	1709	1594	1838	2276	2285	2569	2563	1706	1528	1435	1695	1705	1768	2715	2706	1911	1673	1422	1763	1850	2340	3132	2678	1678	1469	1389	1828	1962	1828	2936	3006	2609	1861	2100	1696	1803	2155	3248	2938	2415	2336	1914	1849	1845	2306	2900	2725	2383	1881	1834	1846	1810	1945	3035	2950	2426	2652	1911	1900	2069	2145	3452
640	2515	2156	1785	1755	2263	2862	2780	3001	2920	1968	1577	1570	1752	1930	1981	3194	3273	2096	1818	1496	2115	2207	2901	3914	3316	2070	1526	1642	2113	2311	2052	3617	3408	3276	2159	2670	2024	2071	2580	3810	3599	2887	2814	2314	2114	2089	2733	3390	3169	2933	2338	2051	2245	2073	2223	3465	3652	3029	3275	2195	2271	2506	2725	4162
650	2893	2701	2069	2034	2609	3747	3267	3566	3516	2320	1767	1599	2077	2282	2356	4046	3673	2608	2246	1778	2649	2766	3389	4763	4074	2564	1782	1782	2705	3016	2627	4389	3795	4293	2904	3688	2480	2596	3274	4604	4345	3726	3565	2991	2490	2601	3679	4038	3577	3810	3030	2702	2784	2612	2739	4423	4607	4080	4271	2801	2825	3248	3428	5024
660	3727	3484	2660	2461	3696	5219	4623	4623	4569	3047	2172	1825	2882	3155	3103	5344	5074	3554	2979	2074	3617	3797	5137	6361	5341	3546	2154	2174	3955	4278	3536	5832	4986	5971	4029	5173	3401	3527	4607	6146	5155	5006	4836	3989	3386	3651	4706	5340	4766	5370	4400	3868	4030	3429	3789	5921	5793	5535	6019	3805	3599	4240	4471	6659
670	4813	5145	3990	3446	5365	7299	6606	6362	6047	4632	3077	2553	4090	4729	4339	7226	6557	5049	4632	2739	5258	5587	6811	8248	7192	5115	3137	3363	5819	6361	4906	7534	6561	7881	5768	7593	5058	4978	6464	7974	7347	6927	6924	5889	4754	5349	7368	7617	6553	8021	6516	5694	5999	5082	5228	7603	7878	7806	8068	5455	5443	6214	6411	8831
680	7093	8316	6431	5807	8175	10274	9303	8812	8536	7679	5273	4161	6512	7343	6448	9774	9504	7958	7251	4757	8313	7867	9791	10762	9945	8298	5109	5497	8951	9656	7379	10633	9163	11028	8719	10822	8081	8149	9282	10562	9946	10072	10354	8801	8055	8413	10366	9878	8820	11033	10082	8859	9301	8424	8182	10261	10540	10805	11247	8724	8666	9683	9562	11098
690	10527	12075	9998	9554	11595	13661	12434	11903	11840	11383	8686	7657	10060	11157	9586	13462	12625	11657	11004	7739	11079	11294	12915	13702	12861	11891	8288	9045	12371	12554	10629	13103	12344	14286	12432	14464	12114	11466	13001	13295	12633	13498	13854	11937	12056	11818	14204	12936	12779	15231	14316	12729	13309	11956	11901	13684	13731	14313	15073	12135	12542	12788	13323	14611
700	13757	16515	15034	14233	15281	16430	15254	15000	14399	14824	13991	12609	13869	15067	13656	15674	15359	15298	15387	12196	14472	14631	16774	15725	15514	16272	12134	13471	15894	15882	14071	15823	14858	16961	15675	16867	15130	15261	16168	15398	15398	16854	15776	15544	15703	14380	16567	16070	14956	18049	17582	17050	16812	16636	15682	16161	16350	17093	17654	15790	16108	16179	16735	16370
710	16368	18067	17292	17169	17543	17495	17580	16593	16540	16331	15797	15618	15175	15353	16139	16247	15153	16971	16133	15889	17540	16831	17567	16781	18257	17604	16813	16337	16555	17574	17226	17511	17261	18989	18835	17614	17699	17244	17377	17167	17586	19164	16717	17481	16702	16468	17790	17386	17174	20193	17642	17456	16450	17619	18025	16901	18423	19202	17821	15961	18162	18373	17629	18044
720	17145	17424	15741	16032	16110	15360	16031	16108	16695	14427	13403	12798	12986	13945	14782	15947	13563	15365	12996	15516	15750	17080	16760	15558	16442	15259	16928	15461	15241	15127	15169	15548	14316	17877	17786	14951	15608	17181	17683	16991	17225	17964	16208	16298	15823	14345	15260	16881	16835	16857	15903	15940	13058	15531	17681	14714	18040	17606	17398	16057	15421	17260	18121	17853
730	14272	13023	12237	12492	12014	10998	13838	12597	13560	8541	8199	6979	8609	8944	13001	12214	9536	10468	8817	9727	11858	13866	14249	12181	11792	10563	13076	10398	11963	10871	13265	13064	11257	13961	14977	11816	10780	12366	13837	14137	14457	14477	12632	12552	10025	10731	10342	13207	13451	12612	11422	11130	8042	10926	12573	12077	15126	14414	11908	12661	11546	14078	14513	14681
740	10008	7245	5876	6309	7916	5927	9533	8762	8520	3895	3603	3349	4321	5292	8000	8600	5353	5493	4127	4583	7033	8609	9112	7926	7261	5182	7416	5023	7211	6161	8037	9579	7109	7916	8585	6392	5214	7127	8360	9168	9749	8950	7633	8082	5200	5826	5621	7715	7421	6776	5337	5748	3670	5623	7348	7054	9581	8776	7253	8071	6202	8545	8781	9464
750	4741	2537	2030	2091	3732	2438	5023	4304	4036	1544	1372	1331	1945	2103	3604	4270	2381	2288	1696	1846	3129	4480	4962	4484	3051	1941	3061	2032	3134	2621	4036	5005	3760	4100	3888	2609	1881	3032	3598	4897	5171	3929	3351	3527	2041	2471	2377	3588	3560	2595	1921	2261	1474	2213	3085	3436	5461	3958	2776	3292	2138	3726	3913	4247
760	1981	903	801	805	1408	949	2125	2289	1767	747	768	783	1067	1069	1700	2162	1018	970	919	835	1239	1944	2060	2236	1145	875	1236	848	1292	1108	1628	2605	2120	1766	1469	1052	855	1310	1383	2369	2177	1700	1477	1572	1064	1162	1219	1489	1611	1020	790	998	734	1003	1232	1625	2524	1356	1057	1176	834	1504	1472	1603
770	796	469	370	509	761	599	1077	1360	758	426	455	563	743	634	903	1110	372	546	536	504	644	996	1198	1118	417	426	673	432	666	640	945	1391	1170	873	859	658	505	719	842	1219	902	911	900	894	755	695	701	610	683	446	409	539	410	533	728	919	1114	556	477	555	431	795	733	719
780	317	191	157	309	480	407	719	888	346	214	239	305	571	402	609	615	138	254	226	249	362	661	657	667	166	175	372	189	452	368	649	735	632	462	453	309	222	475	508	700	400	490	504	611	489	357	322	263	304	172	149	271	156	265	346	436	416	228	196	272	207	414	369	248
790	114	15	26	44	137	84	401	479	88	14	28	59	214	103	269	232	20	44	34	44	69	307	249	242	38	30	59	27	141	106	264	334	246	117	126	65	33	128	139	245	102	91	136	230	150	67	37	68	77	23	15	51	8	43	98	124	127	24	23	37	33	89	67	97
800	62	4	5	6	18	10	110	140	51	5	0	3	56	14	54	70	16	6	6	6	12	59	55	64	27	5	8	5	20	21	70	92	69	23	17	4	5	21	22	49	19	15	19	51	20	7	4	10	62	4	1	3	0	8	20	40	73	5	2	6	1	14	7	40
