0	45	30	38	31	28	44	54	53	132	43	23	58	38	49	39	138	189	52	41	40	37	40	28	199	163	34	26	22	23	42	33	200	123	21	40	24	25	35	25	326	154	35	29	17	24	56	39	370	108	25	34	24	24	30	32	235	53	40	29	30	55	28	19	64
10	65	39	26	45	35	51	62	83	147	74	39	59	39	87	39	128	196	53	50	35	34	59	32	210	157	32	27	30	18	50	27	207	130	31	39	31	23	33	41	327	155	37	38	13	21	54	39	372	120	35	31	25	21	30	34	260	47	33	40	26	48	36	33	73
20	80	43	54	57	57	64	75	64	146	86	44	68	52	89	58	154	201	64	64	39	44	51	37	228	168	33	41	28	20	47	33	225	148	33	45	41	25	26	46	356	159	40	27	25	22	76	59	401	110	30	20	31	26	47	43	271	65	28	33	43	67	23	43	84
30	76	55	56	80	52	78	91	86	140	106	48	107	54	103	59	188	221	76	55	60	48	76	41	254	185	29	42	33	19	50	32	231	121	36	47	34	39	42	44	381	192	49	38	25	40	86	69	435	126	52	43	24	23	37	36	274	75	49	56	43	80	45	45	101
40	89	83	60	89	66	93	100	94	176	139	47	121	64	141	76	176	257	103	91	57	64	77	37	231	197	51	35	38	20	60	26	207	143	45	59	53	41	42	40	415	199	50	44	22	47	111	70	478	110	55	33	26	29	50	45	323	82	41	50	60	77	51	37	105
50	83	94	77	91	95	109	120	110	154	189	56	175	68	142	76	198	284	129	115	87	87	103	33	282	211	48	37	51	42	79	33	248	171	49	70	62	50	46	52	444	225	64	61	29	53	139	75	533	142	54	60	45	48	61	52	324	81	58	42	76	122	62	54	133
60	76	133	90	142	106	144	132	100	187	228	103	213	86	215	77	220	268	119	125	104	101	119	61	259	186	72	63	47	42	67	38	255	174	59	86	65	70	58	64	471	229	100	77	40	50	153	97	509	145	70	59	57	57	58	54	334	102	73	66	75	129	74	55	118
70	135	152	121	188	135	188	196	132	236	284	109	267	130	265	108	239	310	193	165	129	114	148	63	298	227	67	80	55	56	118	58	276	208	51	104	95	81	63	69	543	262	93	74	59	80	155	101	568	150	74	78	47	57	76	62	368	83	68	64	84	181	70	58	122
80	139	197	129	232	126	253	211	126	280	300	131	316	143	327	120	236	334	214	180	137	149	173	85	318	227	84	73	77	56	128	60	301	199	68	122	94	93	91	105	524	291	104	81	62	103	254	104	593	174	89	96	71	81	85	71	387	103	81	96	87	225	108	68	174
90	160	219	179	277	223	313	243	148	303	445	164	397	207	424	144	251	399	296	235	198	194	208	88	342	275	100	83	109	72	130	51	294	153	85	182	103	144	97	93	635	284	158	107	69	115	263	136	620	179	117	98	80	93	93	82	353	123	93	108	117	289	113	75	153
100	156	295	255	389	277	400	299	173	383	605	207	527	230	567	201	313	427	348	289	236	252	241	97	387	289	133	111	107	71	138	64	323	228	91	178	141	160	113	118	669	308	180	127	95	127	374	186	698	209	116	141	98	98	114	81	442	163	116	143	148	350	145	87	187
110	220	342	314	493	328	496	389	185	448	673	294	635	278	671	221	320	497	475	413	317	315	321	117	413	316	134	138	136	84	189	70	339	225	121	209	172	179	163	134	718	319	207	156	102	180	485	212	754	234	161	124	114	134	146	95	502	168	114	177	180	550	202	103	208
120	226	436	407	604	398	666	501	252	537	879	346	769	391	857	272	342	589	585	482	406	397	390	147	430	346	155	149	166	132	256	93	345	199	159	255	231	227	201	151	937	384	254	197	146	241	564	215	846	232	189	177	142	193	166	119	525	207	145	199	186	737	207	120	241
130	318	549	462	704	544	919	593	290	631	948	436	932	494	1091	339	376	637	657	566	519	478	530	174	485	369	186	179	205	131	360	96	387	232	143	317	244	286	245	189	1028	432	313	193	158	304	748	282	940	258	207	221	173	230	215	142	591	227	195	302	261	964	267	176	234
140	346	636	644	919	689	1065	768	324	748	1168	507	1150	596	1293	453	405	739	843	747	638	612	621	185	424	447	247	219	256	185	408	114	426	286	184	416	278	361	272	237	1157	498	397	223	205	407	898	318	1046	312	275	279	217	322	259	152	662	309	217	382	339	1231	369	235	279
150	420	826	809	1140	818	1295	966	384	948	1399	644	1328	782	1569	543	508	921	1042	958	795	780	802	309	547	515	305	229	370	211	543	157	481	242	217	485	328	491	360	283	1542	559	487	302	231	518	1090	445	1296	312	333	290	271	354	316	206	771	362	272	458	479	1464	465	279	306
160	500	958	933	1302	1058	1609	1220	445	1083	1534	814	1527	983	1742	713	588	1079	1318	1140	972	949	963	394	519	591	365	330	382	287	634	185	462	292	294	633	419	565	447	355	1693	660	614	341	265	671	1270	542	1424	367	413	403	345	447	364	253	832	419	365	668	551	1703	640	335	368
170	621	1153	1097	1493	1276	1886	1422	541	1288	1683	930	1773	1231	1947	909	657	1253	1414	1358	1191	1194	1197	434	602	681	506	426	538	363	822	226	496	350	326	766	551	711	511	437	1950	744	733	458	384	786	1511	682	1619	433	481	543	450	603	451	329	981	565	464	853	711	2025	764	479	468
180	760	1417	1375	1824	1562	2184	1669	715	1603	1938	1080	1923	1387	2245	1022	748	1518	1652	1585	1340	1343	1439	556	703	781	577	493	704	477	980	285	510	401	441	959	659	939	715	549	2336	910	971	586	456	1019	1784	859	1916	527	620	678	587	786	601	357	1116	739	563	1093	985	2305	920	605	541
190	1023	1598	1620	2066	1812	2326	1944	858	1852	2209	1294	2132	1625	2438	1238	972	1699	1896	1828	1624	1609	1655	774	824	913	740	631	842	652	1271	350	580	429	499	1216	863	1164	789	691	2695	1184	1145	735	601	1182	2019	1034	2343	658	738	848	766	949	749	486	1459	946	707	1352	1205	2585	1156	764	675
200	1117	1852	1908	2282	2138	2774	2305	1024	2187	2326	1474	2267	1959	2556	1532	1111	2047	2036	1995	1802	1728	1949	960	962	1143	924	792	994	786	1615	465	687	501	584	1405	1013	1427	1059	883	3060	1345	1357	905	765	1422	2097	1246	2770	691	994	1044	988	1201	956	642	1826	1104	884	1590	1459	2772	1394	1045	793
210	1518	2075	2089	2523	2358	2855	2547	1261	2383	2581	1652	2427	2092	2748	1842	1372	2322	2327	2206	1899	2042	2068	1208	1249	1366	1121	920	1278	1077	1812	590	776	563	713	1678	1295	1539	1202	1108	3360	1591	1651	1092	924	1663	2334	1518	3021	881	1099	1305	1187	1516	1241	766	2098	1433	1117	1881	1692	2890	1668	1228	937
220	1622	2248	2328	2688	2512	3179	2710	1441	2678	2771	1910	2589	2244	2909	2023	1655	2712	2537	2437	2128	2271	2279	1474	1398	1694	1332	1183	1488	1339	2047	768	892	685	928	1923	1508	1765	1426	1402	3708	1888	1862	1417	1122	1826	2531	1643	3387	1122	1352	1519	1459	1634	1434	983	2373	1715	1321	2217	1955	2990	1930	1465	1227
230	2001	2534	2670	2872	2781	3270	2924	1763	2954	2900	2061	2686	2489	3023	2292	1890	2920	2600	2562	2267	2448	2519	1729	1610	2001	1557	1458	1741	1537	2298	974	1040	828	979	2147	1798	2029	1719	1664	4148	2259	2050	1650	1338	2015	2848	1911	3741	1370	1604	1808	1621	1931	1653	1205	2864	1941	1640	2529	2270	3299	2144	1758	1487
240	2170	2657	2867	3096	2981	3520	3141	2003	3204	2895	2366	2933	2613	3153	2450	2192	3270	2803	2800	2438	2492	2781	1971	2001	2239	1759	1639	1930	1800	2505	1170	1261	970	1261	2291	2172	2206	1856	1817	4089	2594	2211	1913	1570	2118	2815	2136	3992	1597	1874	2099	1905	2099	1943	1491	3071	2231	1949	2703	2519	3414	2455	2052	1639
250	2403	2938	3029	3210	3118	3558	3465	2240	3383	3160	2465	2882	2795	3142	2660	2309	3445	2951	2783	2556	2596	2890	2281	2291	2573	2007	1894	2109	2073	2759	1371	1594	1183	1495	2549	2297	2531	2083	2140	4599	2939	2468	2142	1876	2384	2924	2302	4302	1847	2182	2276	2009	2305	2137	1771	3554	2522	2177	2935	2749	3438	2638	2322	2022
260	2755	3037	3290	3413	3368	3634	3489	2423	3566	3336	2552	3056	2913	3286	2956	2728	3700	3093	3003	2606	2867	3072	2441	2654	2888	2289	2122	2425	2184	2971	1737	1866	1425	1760	2724	2465	2597	2286	2343	4882	3163	2635	2373	2074	2589	3039	2551	4807	2250	2306	2542	2354	2475	2433	1996	3929	2802	2542	3097	2978	3572	2831	2612	2428
270	2965	3341	3413	3348	3463	3757	3681	2563	3776	3412	2822	3068	2999	3418	3042	3034	3999	3193	3084	2844	2897	3033	2642	3013	3105	2354	2288	2613	2466	2957	1997	2271	1692	1956	2875	2623	2721	2525	2562	4874	3619	2701	2534	2273	2598	3190	2684	4884	2397	2579	2678	2530	2696	2620	2243	4187	3040	2747	3319	3097	3765	2993	2889	2649
280	3237	3430	3405	3529	3575	3974	3703	2946	3981	3415	2898	3011	3053	3383	3285	3234	4193	3348	3145	2921	2839	3136	2786	3236	3476	2549	2526	2697	2540	3032	2200	2570	2042	2262	3013	2951	2786	2639	2622	5230	3741	2993	2750	2436	2671	3220	2854	5098	2748	2690	2877	2658	2790	2731	2691	4318	3292	2916	3401	3191	3907	3140	2985	2872
290	3412	3642	3693	3679	3604	3885	3769	3040	3967	3515	2936	3189	3205	3471	3317	3508	4382	3307	3232	3023	3027	3393	2977	3597	3726	2732	2727	2902	2709	3247	2458	2863	2353	2404	3145	2976	2956	2886	2852	5374	3994	2986	2830	2577	2831	3295	2891	5370	3090	2883	3035	2763	2866	2918	2788	4412	3453	3024	3550	3345	4056	3401	3280	3044
300	3544	3693	3694	3688	3768	4052	3862	3300	4242	3473	3173	3299	3237	3504	3445	3667	4475	3342	3365	3012	2961	3336	3021	3717	3897	2930	2865	2886	2987	3383	2673	3362	2714	2662	3228	3070	3056	2892	2948	5517	3964	3091	3018	2716	2916	3480	3121	5646	3372	3124	3207	2872	3004	3111	2924	4932	3551	3321	3736	3487	4136	3555	3455	3334
310	3747	3820	3820	3720	3832	4068	3983	3407	4417	3651	3149	3346	3358	3515	3551	3853	4661	3561	3437	3109	3145	3360	3139	4025	4047	2983	2917	2986	3004	3382	2844	3699	3125	2852	3319	3174	3117	3055	3030	5733	4350	3269	3166	2784	3059	3574	3240	5833	3523	3179	3185	3024	3084	3252	3042	4913	3754	3365	3769	3538	4127	3560	3551	3507
320	3776	3776	3825	3925	3879	4085	3950	3680	4371	3743	3352	3414	3262	3696	3531	4184	4847	3567	3464	3172	3245	3659	3260	4266	4274	3194	2948	3126	3112	3400	2844	4091	3314	2933	3343	3253	3145	3148	3118	5576	4584	3316	3359	2844	3109	3588	3345	5868	3743	3151	3314	3134	3162	3268	3219	5305	3868	3573	3845	3611	4369	3640	3586	3728
330	4071	3956	4027	3919	4017	4180	4115	3720	4623	3839	3397	3394	3347	3657	3670	4123	4866	3537	3564	3225	3280	3442	3415	4657	4397	3229	3194	3280	3234	3560	3034	4336	3542	3022	3422	3177	3188	3437	3227	6045	4607	3329	3358	3032	3082	3676	3467	6168	3955	3350	3341	3148	3239	3399	3451	5458	3888	3675	3828	3720	4524	3657	3807	3924
340	4094	3957	4012	3925	4046	4234	4107	3768	4779	3950	3415	3560	3314	3853	3780	4356	5066	3745	3613	3363	3400	3561	3429	4631	4574	3227	3302	3245	3249	3495	3040	4574	3947	3074	3454	3426	3386	3357	3273	6017	4633	3357	3430	3086	3225	3713	3329	6153	4098	3402	3401	3182	3338	3522	3491	5617	4163	3744	3909	3819	4671	3854	3908	4039
350	4345	4012	4154	4025	4248	4201	4258	3829	4802	3924	3464	3492	3607	3748	3891	4288	5373	3783	3661	3259	3490	3570	3530	4742	4765	3327	3272	3412	3310	3540	3242	4723	4000	3302	3534	3433	3347	3440	3360	6212	4797	3491	3495	3066	3188	3764	3503	6390	4164	3547	3546	3237	3438	3545	3525	5705	4326	3781	3956	3862	4941	3928	4117	4265
360	4296	4128	4141	4003	4263	4398	4329	4019	4863	3984	3483	3509	3510	3899	4068	4611	5061	3828	3682	3353	3530	3813	3719	5139	4807	3324	3455	3378	3298	3726	3286	5017	4235	3402	3577	3446	3408	3533	3520	6408	5129	3498	3593	3297	3469	3851	3647	6473	4207	3609	3545	3331	3576	3718	3616	5838	4383	3888	4042	3909	5102	4035	4245	4347
370	4660	4315	4166	4094	4439	4453	4340	4047	5065	4001	3579	3545	3555	3890	4203	4729	5309	3942	3708	3518	3492	3637	3700	5015	5036	3483	3342	3380	3406	3635	3408	4909	4292	3398	3745	3447	3499	3617	3576	6606	4956	3592	3412	3278	3450	3977	3696	6730	4328	3593	3611	3284	3566	3670	3865	6087	4537	3919	4149	3948	5404	4144	4359	4601
380	4733	4206	4298	4283	4565	4430	4638	4143	5411	4331	3719	3798	3636	3905	4283	4880	5512	4082	3813	3536	3671	3860	3838	5262	5018	3667	3495	3506	3449	3683	3447	5177	4444	3472	3588	3488	3612	3630	3833	6912	4992	3619	3633	3196	3504	3860	3828	6647	4410	3665	3589	3358	3747	3710	3964	6050	4695	4051	4259	4025	5676	4306	4559	4773
390	4999	4487	4457	4301	4784	4596	4708	4280	5549	4309	3754	3867	3808	3993	4403	4954	5588	4278	3868	3523	3773	3907	4126	5400	5111	3672	3595	3627	3542	3838	3516	5298	4684	3487	3796	3668	3612	3725	3892	7123	5199	3777	3620	3319	3493	4106	3902	7117	4583	3726	3758	3416	3724	3923	4032	6255	4871	4194	4300	4191	5914	4344	4809	4751
400	5048	4494	4244	4411	4895	4592	4873	4446	5769	4405	3696	3990	3873	4086	4623	5130	5776	4433	3940	3739	3906	3943	4224	5755	5291	3790	3778	3626	3532	3848	3597	5482	4681	3569	3743	3673	3879	3836	4091	7441	5114	3845	3742	3352	3783	4139	3989	7276	4527	3713	3698	3491	4019	3822	4257	6589	5086	4311	4353	4253	6268	4503	5005	5111
410	5357	4564	4452	4473	5102	4711	5084	4646	6071	4661	3765	4259	4034	4161	4856	5258	5973	4521	4155	3821	4075	4001	4371	5856	5404	3950	3639	3736	3647	3920	3665	5520	4682	3657	3853	3772	3890	3862	4161	7686	5368	3921	3695	3319	4014	4518	4184	7475	4715	3774	3795	3468	4286	3985	4531	6785	5266	4401	4477	4241	6504	4672	5455	5368
420	5658	4843	4542	4666	5462	4926	5268	4861	6137	4958	3733	4407	4297	4487	5218	5690	6175	4721	4190	3979	4304	4162	4708	5842	5600	4050	3847	3766	3607	3946	3789	5769	4795	3619	4125	3793	4139	3868	4507	7866	5445	4047	3812	3527	4161	4540	4575	7768	4802	3952	3806	3605	4437	4106	4646	7040	5410	4639	4617	4545	6599	4719	5572	5501
430	5979	5141	4695	4818	5633	5003	5545	5088	6234	5137	3831	4617	4483	4507	5342	5661	6299	4915	4425	4088	4471	4092	4905	6132	5823	4221	3942	3861	3921	4072	3862	5765	4900	3954	4293	3992	4369	4057	4676	8058	5613	4317	3880	3423	4336	4685	4531	8054	4987	4032	3863	3594	4586	4263	4790	7353	5667	4806	4744	4507	6903	4874	5975	5683
440	6295	5149	4878	5116	6012	5175	5731	5354	6730	5248	3952	4858	4808	4870	5597	6128	6680	5176	4555	4234	4720	4328	5220	6636	6058	4503	4033	4092	4169	4264	4044	6179	4989	4185	4404	4180	4568	4094	4887	8313	5813	4467	4121	3568	4649	4923	4949	8149	5280	4090	4049	3747	5034	4479	5192	7644	5941	4996	5062	4678	6940	5096	5998	6043
450	6430	5386	5089	5345	6153	5479	5939	5642	6831	5519	3953	5107	5065	5004	5779	6162	6707	5483	4706	4444	4954	4540	5334	6653	6271	4667	4025	4111	4337	4192	4236	6128	5224	4285	4757	4227	4963	4242	5314	8499	6176	4708	4198	3631	4811	5330	4968	8458	5267	4282	3972	3950	5208	4558	5428	7703	6322	5232	5217	4954	7266	5557	6375	6313
460	6819	5779	5116	5574	6568	5619	6377	5908	6987	5814	4260	5296	5285	5366	5995	6597	7062	5567	5086	4757	5130	4855	5645	7022	6415	4896	4381	4280	4387	4437	4334	6507	5253	4515	5043	4574	5086	4486	5448	8562	6482	5015	4216	3748	5078	5571	5219	8610	5541	4428	4237	3876	5489	5002	5707	8098	6655	5557	5490	5156	7283	5757	6611	6591
470	7004	5882	5325	5890	6655	5976	6505	6230	7229	5851	4254	5607	5430	5654	6194	6870	7379	5899	5462	5072	5341	5090	5677	7251	6717	5354	4460	4729	4570	4848	4657	6675	5594	4808	5345	4755	5303	4665	5660	8858	6706	5207	4590	3986	5215	6049	5570	9041	5894	4683	4412	4215	5665	5332	5878	8563	6930	5835	5850	5453	7470	6090	6823	6833
480	7523	6222	5676	6165	6931	6248	6741	6457	7494	6198	4609	5843	5755	5928	6449	7143	7402	6073	5621	5238	5653	5501	6036	7520	6913	5541	4735	4874	4979	5099	5017	7111	5833	5025	5812	4884	5449	5118	5806	9109	6787	5422	4946	4133	5621	6576	5852	9273	6215	4862	4561	4352	5927	5713	6047	8630	7013	6073	6008	5672	7791	6460	7206	7346
490	7590	6519	5945	6542	7323	6350	7077	6852	7581	6346	4794	6178	5972	6313	6588	7374	7849	6328	6126	5543	5826	5678	6196	7714	7276	5560	5110	5057	5265	5511	5316	7527	6117	5463	6062	5344	5838	5302	6101	9087	7163	5598	5236	4373	5725	6844	5941	9338	6349	5165	4892	4733	6166	6050	6300	8747	7179	6374	6263	6038	7876	6719	7253	7329
500	8102	6829	6365	6793	7619	6785	7420	7023	7896	6755	5257	6324	6327	6481	6761	7368	8098	6514	6493	5804	5962	6159	6295	8083	7573	5820	5486	5260	5516	5840	5404	7654	6462	5763	6390	5592	6028	5777	6358	9232	7588	5979	5620	4604	6025	7279	6239	9535	6637	5296	5285	5024	6399	6467	6633	8827	7678	6568	6717	6241	8035	6843	7500	7484
510	8175	7105	6634	6967	7685	6989	7476	7251	8054	6772	5529	6564	6573	6842	7002	7641	8075	6627	6828	5897	6216	6394	6584	8203	7619	6147	5883	5630	5862	6348	5814	8099	6525	5840	6577	5826	6216	6103	6532	9381	7923	6168	6070	4888	6256	7801	6594	9742	6913	5558	5507	5227	6585	6916	6807	9207	7757	6991	7099	6589	8410	7513	7862	7943
520	8325	7411	6982	7468	8272	7488	7953	7578	8186	6930	5992	6782	6704	7330	7170	8091	8461	6970	7261	6340	6475	6773	6798	8453	8019	6309	6246	5839	6077	6958	6177	8541	6921	6170	7098	6194	6341	6608	6635	9585	7991	6402	6433	5231	6403	8260	6707	9977	7270	5947	6062	5606	6753	7339	6943	9280	8089	7174	7449	6938	8487	7706	7961	8324
530	8506	7676	7455	7766	8268	7739	8057	7789	8405	7044	6467	6902	6956	7662	7327	8232	8556	7155	7592	6469	6729	7163	6987	8458	8160	6543	6701	6231	6224	7265	6309	8668	7395	6338	7409	6189	6704	7128	6989	9810	8092	6629	6709	5599	6605	8546	6988	10122	7493	6215	6430	6064	7135	7786	7346	9624	8402	7663	7886	7403	8877	8199	8275	8402
540	8849	7725	8027	8057	8357	8124	8067	8078	8597	7449	6931	7349	7099	7905	7481	8281	8906	7483	8090	6898	6895	7783	7159	9028	8267	6842	6969	6458	6587	7652	6612	8845	7483	6684	7607	6545	6725	7505	6962	9911	8304	6820	7140	5791	6742	8955	6979	10186	7668	6479	6800	6352	7193	8363	7438	9898	8478	7850	8258	7750	9212	8622	8379	8603
550	9085	8291	8625	8698	8926	8806	8477	8524	9065	7807	7568	7749	7458	8391	7712	8571	9001	7771	8423	7140	7150	8108	7348	9104	8512	6989	7440	6617	6559	7929	6620	8915	7794	6658	7877	6569	7090	8131	7367	10272	8399	6987	7503	5999	7208	9664	7497	10637	8075	6806	7413	6715	7521	8917	7649	10321	8858	8182	8746	8063	9852	9185	8747	8992
560	9477	8642	9364	9269	9625	9523	8818	8807	9182	8187	7893	8193	7575	8898	7928	8936	9425	8167	9166	7531	7459	8613	7601	9332	8833	7275	7894	6908	6971	8419	6949	9296	8048	7064	8169	7019	7328	8718	7513	10695	8777	7316	8026	6379	7318	10267	7689	10851	8242	6890	8080	6944	7772	9365	8039	10733	9379	8535	9464	8662	10277	9790	8906	9512
570	9621	9059	9986	10051	9876	10261	8874	9042	9769	8662	8913	8759	8113	9834	8297	9496	9657	8747	9838	7910	7950	9205	8023	9558	9162	7532	8340	7314	7045	8488	7015	9168	8152	7043	8498	7141	7711	9026	7937	11108	8805	7724	8258	6778	7878	11140	8235	11381	8418	7423	8476	7371	8222	10123	8667	11427	9893	8939	10191	9211	11315	10650	9448	9863
580	10256	9769	11276	11239	11064	11734	9612	10050	10577	9323	9786	9520	8465	10524	8734	9651	10073	9563	10861	8618	8570	9903	8517	9889	9394	8092	8889	7793	7585	9095	7349	9574	8350	7436	8954	7758	8426	9713	8551	12115	9374	8065	9014	7143	8552	12155	8745	11992	9062	7791	9524	7854	9093	10928	9321	12212	10736	9705	11446	10437	12771	11962	10208	10739
590	11193	10614	12717	12614	12133	13478	10104	10756	11833	10221	11023	10504	9282	11898	9551	10337	11130	10856	12646	9916	9679	10976	9346	10302	9954	8724	9672	8455	8117	9514	7630	9592	8727	7676	9868	8434	9391	10895	9426	13767	9695	8834	9615	7832	9751	14116	9898	13500	9819	8339	10616	8600	9698	12354	10179	14032	11847	10520	12924	11849	14442	13423	11206	11583
600	12515	12292	14827	15091	13929	16062	11262	12188	14027	11809	12581	12158	10472	14147	11055	11580	12318	12900	14397	11632	11146	12706	10846	11259	11019	9865	11055	9660	9027	10775	7917	10354	9090	8205	11089	9609	11563	12774	11442	17032	10926	9930	10995	8702	11899	16887	11871	15676	11176	9167	12517	9892	11800	14322	12355	17183	14509	12297	15887	14471	17337	16169	13138	13738
610	15124	14868	18191	18721	17011	20163	13878	14737	17580	14413	14825	14833	12094	17450	13666	13828	15216	16720	18146	14788	13383	14678	13125	12520	13635	12176	13727	11955	10409	11985	8485	10810	9748	8986	13090	11318	14799	15574	14337	22530	12746	11560	13009	10246	15437	21228	14873	19684	14015	10778	15686	11817	14871	17039	15207	21517	18523	15135	20406	18648	21815	20153	16229	17155
620	19601	19748	22701	24297	22199	26902	17700	19886	24124	19566	19026	19646	15083	22855	17623	18039	20521	23620	23895	20647	17816	18929	18047	15663	18485	17143	18228	16360	12950	14507	10030	12198	10172	10364	16040	14431	21909	20947	20736	32265	16814	14903	16805	13029	21992	29206	21465	27192	19559	13901	21237	15384	20156	22561	20975	30644	26467	20612	28018	26180	28677	27169	21351	23140
630	26822	28002	30097	33211	29929	36864	24557	27818	33771	27769	24983	27393	19717	30892	25154	24865	29048	35101	33263	30654	24532	25188	26029	20285	27084	25860	26162	23998	16766	18540	12328	14418	12054	13323	22321	20204	32532	30021	30824	47604	24453	21480	23228	18272	32708	41778	32091	39423	29777	19871	30877	21978	29416	30907	29589	42977	38914	30077	40504	37945	39569	37282	28923	32490
640	40101	41746	40961	46211	44395	52553	37557	43917	51289	42547	36365	40938	28850	44623	38876	38360	45336	56361	50903	48557	37047	38208	41311	31198	45204	43194	42282	39469	26298	27391	18395	20106	16890	20606	34428	32313	52137	48143	49129	73175	41162	36624	36582	29670	52282	63135	52404	61134	50312	34252	49166	36915	45329	48745	46561	65409	59823	47162	60875	57958	58484	55618	45285	50470
650	66762	67535	61434	68982	68819	77584	61452	70358	79083	68260	57341	63946	45753	69059	63766	61140	71451	91102	78991	79650	61120	61115	69041	53053	75966	73704	69528	65379	45035	48594	31834	35439	30158	39586	61661	59216	85171	79037	79650	109182	73841	67349	63077	56279	86343	98516	88145	96667	87105	65846	82992	67331	74545	79071	74385	99622	94475	75617	94471	92152	92716	87467	76632	83973
660	104314	105304	94401	98949	105477	109623	96070	105717	117673	105618	91665	96663	76694	103275	101984	94321	108506	133454	115396	119363	96702	97850	110915	87689	115615	114378	108345	102255	81470	89847	58754	64208	57467	76662	103780	102156	124076	116335	117677	145312	118098	111635	103268	98140	128045	139007	131515	135975	131989	112736	132312	116365	117672	124418	117950	143249	134637	115606	136943	137855	140240	135510	121989	127689
670	147871	150551	139456	139844	148029	148891	140418	151937	157710	148696	137435	140637	127068	148456	154047	136845	149093	173930	157313	158789	143600	144437	159564	133371	156374	157965	151078	146755	135576	143515	106038	113865	106377	132515	152892	157505	166207	155358	156269	172524	161895	163153	150738	153853	168943	170996	175357	168867	174968	163339	178740	174756	172909	175920	172930	184664	174761	166608	179519	188356	186391	182716	173243	170970
680	173012	174770	167275	171940	164732	170701	162970	169983	171067	171713	164225	164389	155443	165865	176331	169590	177530	171405	175815	176348	180754	173489	179756	165325	175700	179695	181699	179895	173697	166474	153803	148328	148153	167209	168236	176728	182806	177849	181359	178809	181876	183167	183190	181637	189603	178024	190753	182094	189196	185854	189010	186090	201200	195530	206321	198605	189345	198926	194215	205526	208071	207684	197490	197894
690	171307	168045	156772	172224	148464	166065	140904	143479	141016	150431	142166	139841	129559	125927	139029	161913	164736	133707	158319	156011	162401	150112	147142	156969	158779	163260	170450	170937	146646	127616	150687	129911	134618	143438	133739	147101	166696	169519	180012	155343	164169	162693	182599	168468	173421	151400	165341	160168	158821	155966	150412	139705	161391	158659	185602	172442	166265	191561	172040	184576	183647	193735	183152	199315
700	128141	124887	117021	139799	99903	130283	95210	100117	88570	100697	89855	93657	72798	73709	78337	120637	120422	80203	109026	109675	102685	86680	80351	102479	112186	109685	117557	127507	78961	63433	89988	70925	76453	78318	65685	73860	118714	121115	137471	107749	101790	98224	131489	102049	113383	94118	101324	107263	96805	84844	78011	68588	94877	92729	120893	112011	111168	146450	116101	123643	128186	135903	129277	159016
710	66550	67341	62777	84929	49587	81140	47320	51639	45786	52046	45730	48046	30353	35227	32621	69357	66505	37523	58606	57262	46658	38947	32385	46763	57914	53015	59180	66836	28336	22977	35181	28430	31685	31083	23460	26126	59152	59680	78801	53585	40091	37195	62684	39740	51048	40742	41905	50675	36413	28584	28461	23580	41248	39486	55066	51996	54129	82878	56751	61445	64837	70134	57029	87421
720	24971	25599	26780	37412	19088	36113	17956	20786	18172	19224	19368	18969	11919	15121	11035	28955	26624	14216	23815	22628	18518	16489	11008	16878	21215	18114	22066	24814	10304	10130	11929	9741	10080	10659	8952	9173	20899	22623	29775	19184	11484	11447	20802	12465	16724	16150	13057	17042	10255	8389	9219	7996	15065	14913	18588	16928	19959	31649	19904	21627	24694	26549	17448	31695
730	11056	10432	12477	15512	9114	14600	8306	9001	7585	7501	8661	8277	5757	7617	5206	11405	10355	6179	10679	9244	8183	8453	5276	7108	7874	6982	9382	9415	5205	5923	5614	4689	4595	5205	5284	4684	8036	10122	10645	7215	4936	5182	8488	5564	6876	8215	5603	6680	4215	4104	4339	4295	6766	7506	7111	6655	8120	11507	7988	8423	10613	11039	7431	11960
740	6311	5506	6848	7386	5516	6743	5264	4942	4232	4276	4970	5013	4087	4467	3729	5765	5284	3748	6325	5046	4911	4651	3722	4165	4060	3916	5426	4915	3275	3501	3675	3422	3223	3730	3728	3024	4568	5795	5145	4123	3256	3320	5140	3274	4302	4720	3577	3975	2833	2670	2341	2858	4295	4871	4162	4053	4452	5576	4245	4216	5974	5645	4764	5708
750	4014	3187	3108	3897	3553	3134	3241	3008	2884	3085	2772	3533	2929	2227	2532	3977	3338	2566	3901	3185	3041	2107	2777	2754	2888	2920	3624	3218	1516	1378	2663	2182	2529	2683	2142	1462	3149	3163	3561	2791	2347	2226	3140	1789	2889	2156	2538	2803	1626	1336	799	1219	2909	2703	2687	2812	2716	3585	2030	1905	4355	2764	3520	3455
760	2353	1599	1068	2002	1618	1394	1513	1619	1879	1999	1186	2397	1776	679	1965	2884	2409	1520	2139	1897	1714	670	1661	1355	2109	2095	2037	2241	533	537	1704	1122	1444	1796	794	533	2092	1336	2757	2019	1303	1031	1577	682	1604	785	1176	1833	675	409	270	329	1789	964	1812	1402	1076	2104	566	726	3373	1277	2153	1965
770	937	475	251	627	534	347	498	422	699	884	293	919	551	241	715	1315	1082	602	665	718	500	326	538	353	950	1005	626	962	73	291	539	355	389	729	188	95	758	448	1412	784	293	262	469	127	416	403	305	730	104	52	87	47	580	409	663	369	231	801	94	151	1732	353	974	737
780	199	62	100	124	110	112	108	66	128	196	126	202	70	157	85	465	232	73	221	113	65	220	76	57	174	172	161	211	27	163	68	36	50	131	120	23	152	314	646	168	46	25	182	28	64	287	27	147	22	13	69	16	66	240	90	61	58	151	57	29	772	132	196	112
790	19	8	40	8	10	53	9	7	8	12	41	18	17	77	4	59	23	4	103	10	19	120	3	4	7	4	97	22	12	71	2	4	2	4	54	7	33	185	122	8	3	0	83	9	20	148	4	15	2	3	20	2	24	131	4	3	4	20	23	6	131	74	16	10
800	1	3	10	5	3	24	3	1	2	0	20	5	3	29	1	3	3	0	49	3	10	38	1	0	2	2	46	10	3	23	2	1	1	0	11	2	15	71	9	1	1	0	43	3	5	37	0	0	0	1	9	1	5	39	0	2	1	3	3	2	25	17	5	2
