0	11	38	55	47	10	9	13	0	34	67	47	26	0	5	8	13	9	8	3	6	19	8	6	15	0	8	16	18	14	9	22	11	12	10	4	6	11	9	8	15	13	8	13	16	5	9	10	10	5	18	22	21	35	103	135	138	13	16	11	20	148	103	45	22
10	22	44	82	61	14	12	5	0	62	98	51	36	0	12	23	23	18	8	13	5	31	18	23	30	0	19	10	9	20	9	24	29	16	15	7	6	14	10	4	81	24	11	24	20	11	12	14	11	4	14	22	28	48	139	153	154	26	17	14	17	158	168	68	44
20	31	59	87	86	16	24	9	0	80	118	70	47	0	20	21	24	26	48	27	8	73	20	51	106	0	30	19	28	37	24	63	35	23	50	19	13	16	31	13	162	39	12	50	25	14	25	17	21	15	36	32	28	54	144	202	180	18	29	20	28	185	186	70	38
30	29	61	88	70	28	23	19	0	79	168	100	50	0	28	86	41	39	86	62	16	150	78	98	244	0	100	35	42	101	38	112	41	33	144	35	31	29	74	15	262	110	28	129	22	21	57	25	28	29	22	23	46	64	161	235	182	36	47	40	23	221	183	97	40
40	36	56	111	74	19	24	26	0	111	174	94	53	0	35	167	84	49	180	125	31	272	175	152	415	0	187	36	47	167	64	230	53	82	266	96	98	37	116	57	472	220	62	264	39	46	104	42	56	24	48	44	60	67	146	221	205	58	63	57	53	208	200	109	64
50	36	70	108	103	21	38	20	0	121	148	98	71	0	42	272	122	97	255	221	81	443	281	262	577	0	320	53	56	320	88	384	59	143	376	216	173	82	219	95	632	366	106	514	50	76	195	79	82	32	77	44	92	71	177	217	208	82	84	87	61	204	197	98	43
60	31	83	99	104	27	51	33	0	117	160	95	55	0	100	431	247	116	357	289	120	630	399	310	744	0	434	68	123	412	131	515	81	253	473	358	247	131	352	155	746	527	217	701	58	148	298	111	114	39	91	66	126	57	188	240	239	82	116	121	88	231	202	105	77
70	54	74	112	110	35	56	36	0	130	195	106	65	0	128	530	334	158	504	392	154	704	545	407	851	0	585	102	128	609	227	634	117	401	579	542	390	179	523	244	885	771	330	891	61	233	341	155	216	63	152	93	146	85	207	289	223	101	146	159	118	234	198	108	69
80	42	86	125	120	34	73	50	0	137	197	127	70	0	173	667	436	213	644	440	251	893	642	506	960	0	747	165	175	660	298	858	145	535	697	649	576	244	659	350	971	981	426	1090	92	316	527	240	336	75	162	110	133	83	180	263	211	129	182	236	154	254	239	121	88
90	44	91	127	109	55	93	54	0	139	203	135	80	0	233	840	622	256	786	572	318	1073	759	651	1068	0	943	213	211	861	410	1031	192	715	797	808	680	373	819	446	1122	1060	635	1287	130	500	599	356	465	112	232	152	192	81	186	260	226	146	239	254	166	267	193	112	55
100	55	92	124	128	73	134	90	0	144	209	125	114	0	288	947	706	319	879	658	453	1255	959	677	1294	0	1109	301	266	1114	603	1263	228	958	902	994	943	455	992	639	1289	1302	796	1493	159	639	812	563	625	129	305	175	224	79	204	264	243	210	289	329	207	234	248	134	71
110	38	93	153	119	58	131	100	0	160	205	140	119	0	337	1015	906	399	975	821	513	1290	1031	782	1346	0	1283	403	418	1136	780	1490	315	1127	1025	1165	1075	605	1184	778	1404	1464	1008	1680	261	820	908	808	798	172	342	199	261	90	195	292	281	227	354	362	256	281	272	147	77
120	52	85	143	140	91	186	100	0	181	213	135	169	0	402	1181	1103	408	1133	878	633	1548	1117	946	1444	0	1486	539	437	1402	1052	1686	437	1325	1125	1328	1260	646	1330	874	1517	1597	1120	1788	324	966	1070	948	944	210	453	232	286	91	183	264	289	292	430	452	285	249	257	167	99
130	41	95	135	145	129	258	148	0	158	224	154	178	0	504	1274	1336	550	1220	1024	744	1650	1322	1004	1562	0	1516	721	587	1559	1113	1717	484	1470	1245	1468	1410	830	1582	1074	1621	1824	1284	1949	422	1144	1255	1125	1226	245	534	278	300	98	231	288	264	315	493	518	363	282	279	153	88
140	69	98	133	124	158	275	159	0	169	276	162	231	0	568	1415	1415	588	1308	1070	875	1740	1412	1146	1577	0	1670	895	673	1639	1342	1918	629	1538	1337	1541	1644	961	1535	1195	1659	1805	1467	2060	573	1320	1389	1326	1427	298	604	300	379	101	234	304	253	355	579	610	404	299	286	157	116
150	56	117	136	152	149	332	196	0	164	259	158	289	0	575	1445	1463	649	1440	1198	974	1787	1565	1197	1741	0	1886	1044	851	1730	1484	1965	783	1668	1396	1579	1766	1067	1763	1284	1825	1964	1569	2148	767	1482	1393	1626	1603	347	699	362	368	115	243	349	325	468	585	714	501	315	285	147	113
160	64	111	164	151	183	431	244	0	195	305	204	341	0	666	1577	1661	793	1489	1289	1001	1940	1633	1325	1748	0	1854	1274	988	1873	1714	2064	887	1759	1518	1764	1792	1229	1734	1456	1895	2032	1764	2176	938	1583	1492	1714	1806	446	777	432	443	121	217	343	342	508	680	742	541	357	297	156	136
170	72	111	145	137	185	445	335	0	221	346	253	454	0	799	1642	1779	865	1624	1356	1134	2028	1688	1367	1867	0	1985	1417	1199	2017	1868	2220	1126	1875	1633	1857	2007	1345	2025	1577	1988	2219	1860	2209	1165	1720	1628	1918	1957	492	850	483	497	115	246	348	329	580	757	862	615	327	309	162	127
180	48	116	162	157	253	535	354	0	265	324	229	519	0	817	1756	1835	937	1727	1492	1224	2001	1765	1494	1921	0	2099	1583	1379	1983	1905	2325	1291	1859	1687	1873	2089	1473	2011	1639	2025	2167	2059	2417	1399	1815	1800	2105	2004	536	929	579	553	114	248	368	393	579	887	990	692	410	352	215	170
190	52	117	158	132	305	605	381	0	252	413	288	537	0	935	1850	1936	1088	1719	1545	1333	2183	1894	1517	2009	0	2146	1827	1485	2079	2137	2415	1445	2020	1761	1974	2224	1559	2049	1713	2063	2268	2096	2384	1602	1872	1757	2157	2109	650	1058	669	616	123	288	347	385	662	950	1000	739	423	339	178	174
200	66	124	178	184	327	637	431	0	274	377	310	586	0	1039	1936	1990	1139	1863	1609	1413	2172	1920	1615	2022	0	2190	1908	1559	2081	2162	2533	1616	2052	1861	1976	2282	1707	2196	1768	2124	2265	2201	2460	1808	1959	1824	2300	2278	664	1161	631	701	140	267	435	433	760	1034	1091	814	486	387	214	214
210	87	131	177	183	386	708	552	0	314	432	345	780	0	1132	1988	2109	1221	1905	1659	1478	2292	2032	1633	2021	0	2197	2039	1702	2261	2248	2500	1708	2187	1922	2102	2354	1788	2181	1846	2176	2301	2152	2475	1917	1965	1904	2460	2341	795	1257	759	775	153	324	453	484	791	1104	1181	933	514	373	219	232
220	65	122	158	180	475	918	561	0	297	458	381	791	0	1194	2078	2160	1386	1979	1781	1525	2371	2046	1766	2093	0	2286	2139	1863	2196	2370	2508	1904	2213	1944	2140	2340	1891	2311	1907	2322	2443	2216	2523	2052	2140	2038	2470	2442	858	1367	836	861	200	301	453	481	902	1211	1287	952	543	394	254	203
230	90	164	188	218	514	887	671	0	376	516	452	884	0	1378	2046	2224	1493	2019	1821	1667	2437	2113	1812	2184	0	2418	2339	2019	2282	2327	2613	2028	2313	2042	2138	2402	2018	2364	2113	2320	2415	2318	2543	2175	2240	2187	2440	2475	932	1433	1003	975	185	357	504	544	1019	1302	1453	1105	578	453	252	260
240	101	166	234	241	578	1043	706	0	438	542	499	996	0	1358	2165	2282	1597	2064	1903	1775	2458	2125	1862	2248	0	2420	2428	2196	2393	2481	2629	2184	2349	2053	2291	2484	2069	2291	2069	2304	2530	2380	2533	2339	2185	2133	2517	2455	1086	1564	1049	1043	182	349	510	585	1125	1343	1548	1247	652	462	259	309
250	124	162	190	257	671	1120	825	0	453	619	549	1125	0	1560	2218	2333	1732	2190	1950	1852	2494	2187	1936	2236	0	2421	2445	2303	2421	2468	2679	2316	2371	2194	2286	2426	2129	2446	2128	2366	2523	2355	2579	2481	2263	2253	2651	2660	1205	1607	1070	1174	248	364	506	655	1179	1472	1545	1328	695	495	329	332
260	121	161	231	276	770	1198	885	0	505	692	645	1147	0	1592	2273	2452	1821	2196	2022	1832	2537	2260	2007	2393	0	2494	2482	2312	2391	2511	2682	2390	2545	2263	2322	2488	2237	2498	2177	2545	2526	2403	2623	2521	2382	2261	2596	2584	1282	1814	1252	1231	264	437	601	719	1372	1580	1643	1341	861	558	323	366
270	146	152	259	291	857	1334	952	0	590	791	653	1446	0	1668	2388	2448	1964	2309	2136	1967	2677	2352	2070	2411	0	2527	2661	2500	2503	2594	2667	2502	2580	2159	2326	2582	2327	2535	2223	2457	2559	2470	2680	2697	2472	2415	2570	2668	1342	1840	1332	1379	272	463	602	817	1369	1649	1743	1438	863	612	365	413
280	160	245	269	346	987	1355	1094	0	685	859	724	1517	0	1778	2348	2519	1953	2317	2215	2057	2667	2445	2175	2375	0	2545	2649	2600	2512	2724	2838	2532	2620	2265	2434	2532	2405	2583	2365	2478	2699	2483	2654	2668	2432	2440	2699	2741	1520	1913	1472	1431	279	463	697	901	1608	1797	1989	1501	953	669	429	479
290	190	235	277	398	1148	1473	1144	0	693	893	817	1600	0	1857	2503	2596	2054	2371	2124	2160	2726	2481	2149	2417	0	2554	2684	2663	2535	2608	2707	2598	2707	2440	2501	2646	2490	2629	2333	2629	2672	2641	2725	2770	2501	2382	2738	2786	1611	2048	1541	1614	383	518	742	1009	1625	1877	1975	1665	1038	751	456	514
300	195	272	305	413	1243	1521	1281	0	801	1006	930	1796	0	1923	2512	2650	2264	2455	2180	2178	2811	2474	2227	2463	0	2562	2738	2745	2563	2641	2784	2673	2696	2374	2538	2661	2576	2592	2468	2565	2699	2687	2727	2721	2625	2403	2868	2889	1726	2092	1663	1664	432	558	827	1038	1709	1888	2041	1822	1231	838	510	616
310	206	291	346	416	1316	1659	1357	0	866	1161	988	1829	0	1981	2567	2740	2287	2470	2267	2264	2957	2425	2297	2619	0	2617	2743	2791	2588	2632	2837	2730	2712	2340	2561	2747	2677	2571	2496	2613	2790	2684	2781	3000	2594	2518	2865	2861	1912	2189	1749	1819	492	694	879	1268	1806	1940	2160	1944	1344	886	567	675
320	242	339	350	502	1418	1736	1431	0	978	1270	1103	1949	0	2070	2592	2763	2306	2549	2335	2313	2966	2554	2370	2490	0	2754	2789	2704	2656	2719	2821	2716	2824	2527	2549	2748	2673	2751	2573	2823	2701	2653	2729	2921	2556	2587	2785	2978	1939	2274	1896	1841	518	686	1052	1344	1962	2082	2171	1979	1383	1010	655	748
330	291	376	436	621	1600	1864	1509	0	1036	1405	1232	2037	0	2135	2639	2669	2414	2527	2374	2234	2867	2475	2396	2569	0	2683	2847	2866	2650	2662	2803	2772	2799	2571	2611	2739	2747	2783	2518	2753	2805	2667	2859	2948	2618	2536	2898	3026	2097	2291	1900	1977	545	786	1105	1516	2016	2251	2296	2021	1594	1112	718	818
340	338	398	483	631	1729	1908	1645	0	1180	1500	1461	2266	0	2222	2705	2839	2468	2569	2517	2367	2947	2586	2403	2681	0	2776	2919	2869	2691	2883	2736	2841	2902	2498	2725	2821	2767	2758	2532	2816	2857	2709	2906	2866	2713	2662	2899	2934	2110	2431	1994	1965	651	915	1218	1549	2021	2238	2366	2166	1842	1200	857	941
350	359	473	561	709	1828	2039	1707	0	1329	1580	1505	2253	0	2252	2708	2778	2635	2626	2482	2272	3078	2689	2390	2638	0	2854	2837	2883	2693	2682	2967	2900	2978	2607	2645	2730	2888	2867	2645	2743	2759	2718	2966	2877	2716	2666	2911	3003	2262	2477	2081	2061	773	1015	1357	1707	2193	2238	2479	2229	1934	1350	960	1078
360	462	560	664	841	2012	2110	1779	0	1370	1729	1685	2445	0	2371	2724	2859	2670	2657	2591	2491	3061	2702	2584	2648	0	2796	2898	3006	2689	2814	2886	2930	2964	2632	2650	2736	2850	2735	2803	2777	2862	2716	2805	3014	2696	2671	2901	2969	2294	2474	2210	2244	881	1172	1462	1944	2248	2384	2591	2332	2119	1494	981	1203
370	539	588	760	936	2213	2161	1883	0	1516	1923	1925	2558	0	2375	2789	2844	2729	2640	2550	2463	3018	2707	2538	2612	0	2839	2877	2995	2627	2893	2952	2937	3057	2650	2724	2833	2970	2835	2617	2755	2883	2803	2896	3057	2824	2734	2997	2984	2385	2514	2332	2249	971	1344	1642	2113	2314	2434	2527	2415	2289	1646	1152	1282
380	643	716	908	1053	2279	2293	1911	0	1728	2095	2001	2652	0	2387	2883	2859	2791	2725	2567	2514	3131	2687	2509	2670	0	2853	2926	3010	2682	2796	2912	2900	3054	2702	2785	2870	2961	2971	2779	2872	2886	2813	2891	3182	2758	2767	3134	3082	2489	2644	2357	2461	1142	1488	1879	2276	2339	2590	2641	2472	2338	1807	1254	1469
390	791	933	1083	1119	2455	2400	2078	0	1919	2305	2209	2807	0	2459	2807	2929	2872	2802	2567	2503	3113	2765	2589	2761	0	2865	3008	3108	2725	2888	2894	3014	3118	2655	2690	2822	3141	2909	2808	2913	2883	2820	2910	3087	2796	2787	3048	3179	2552	2751	2428	2435	1249	1678	2060	2514	2419	2574	2668	2452	2737	2036	1362	1557
400	912	954	1166	1334	2582	2480	2224	0	2094	2386	2372	2858	0	2494	2788	2993	3083	2725	2625	2549	3265	2840	2603	2727	0	2979	2931	3014	2812	2883	2873	2939	3097	2812	2768	2911	3136	2960	2791	2950	2974	2925	2993	3009	2826	2809	3001	3260	2743	2768	2502	2524	1406	1797	2197	2706	2579	2659	2727	2664	2948	2262	1587	1725
410	1076	1109	1419	1483	2681	2644	2260	0	2244	2665	2485	3056	0	2576	3027	2912	3039	2764	2701	2594	3247	2785	2713	2970	0	2893	3060	3030	2788	2850	3030	2957	3146	2783	2840	2882	3199	2934	2747	2931	2834	2926	2896	3109	2996	2889	3030	3090	2745	2752	2633	2560	1666	2079	2461	2796	2588	2658	2775	2715	3022	2388	1796	1983
420	1268	1371	1554	1612	2971	2529	2377	0	2334	2854	2660	3139	0	2673	2964	3010	3090	2846	2790	2665	3338	2790	2783	2787	0	2961	2959	3101	2855	2916	2978	2969	3203	2808	2932	2925	3231	2931	2940	2971	2940	2909	3030	3219	2891	2920	3000	3108	2921	2870	2677	2716	1846	2205	2582	2952	2720	2879	2854	2770	3236	2568	1925	2134
430	1349	1567	1927	1871	2966	2757	2510	0	2577	2833	2845	3107	0	2644	3000	3018	3137	2863	2802	2647	3289	2818	2848	2790	0	2996	2979	3045	3003	2963	2995	3106	3268	2855	2932	2969	3274	3038	2905	3039	2957	2894	2992	3172	2896	2835	3111	3220	2990	2968	2647	2675	1954	2512	2873	3309	2659	2830	2889	2821	3434	2802	2076	2283
440	1635	1749	2112	2164	3045	2730	2531	0	2777	3150	2973	3268	0	2846	2905	3059	3235	2936	2825	2750	3369	2913	2767	2782	0	3116	3009	3098	2877	2959	3059	3090	3273	2908	2939	3009	3239	2954	2894	2998	2987	2968	3027	3241	3095	2965	3109	3231	3029	2988	2811	2730	2180	2771	3075	3540	2714	2864	2895	2862	3829	2921	2301	2365
450	1837	2063	2389	2332	3155	2781	2680	0	2936	3337	3123	3310	0	2798	3011	3104	3254	2985	2843	2847	3337	2924	2812	2890	0	3093	3096	3163	2897	2961	3015	3236	3319	2970	2928	2867	3322	2985	2971	3114	3053	2931	3077	3220	3071	2983	3093	3204	2973	2993	2970	2854	2384	2920	3280	3558	2856	2821	3000	2945	3742	3134	2553	2581
460	2100	2138	2680	2626	3153	2811	2651	0	3007	3391	3247	3405	0	2760	3041	3199	3324	3045	2882	2826	3387	2941	2860	2867	0	3273	3051	3146	2919	3027	3095	3100	3279	2889	2837	3021	3339	3106	2940	3135	2980	2953	3006	3206	3054	3035	3213	3242	3168	2988	2884	2917	2528	3279	3403	3758	3008	3020	3046	2928	3992	3413	2691	2741
470	2281	2430	2869	2707	3227	2934	2675	0	3191	3628	3306	3466	0	2841	2992	3093	3343	2961	2919	2824	3380	2856	2858	3010	0	3328	3076	3229	2873	3005	3089	3182	3493	2908	2984	3010	3388	3056	3014	3160	3058	2977	3056	3312	3045	2954	3181	3250	3292	3041	2873	2861	2814	3402	3726	3958	2966	2904	2996	3108	4074	3572	2921	2884
480	2459	2710	3209	2833	3339	2936	2774	0	3245	3604	3321	3424	0	2951	3026	3203	3520	2909	2907	2809	3363	3006	2873	3054	0	3416	3120	3252	3037	2942	3121	3159	3479	3048	3005	2917	3502	3144	3002	3209	3192	2872	3025	3189	3029	3014	3217	3319	3269	2974	2939	2960	2966	3641	3871	4103	3009	2971	3086	2936	4113	3584	3064	2984
490	2820	2898	3341	3139	3434	3002	2834	0	3540	3878	3494	3578	0	2937	3086	3260	3462	3061	2925	2910	3596	2947	2998	3054	0	3503	3094	3243	2930	2986	3090	3177	3608	2963	3052	2981	3409	3231	3077	3212	3095	2994	3061	3386	3096	3035	3205	3331	3332	3069	3011	3011	3120	3698	3991	4046	3132	3121	3136	3091	4191	3819	3270	3232
500	2958	3075	3625	3287	3427	3060	2894	0	3500	3874	3625	3597	0	3021	3092	3212	3416	3018	2870	2852	3579	2914	2865	3058	0	3675	3032	3287	3041	3056	3072	3260	3490	3091	2988	2991	3581	3232	3104	3104	3131	3087	3201	3390	3081	3198	3234	3322	3284	3199	3049	3052	3394	4025	4058	4090	3069	3113	3127	3169	4193	4054	3332	3150
510	3159	3271	3564	3513	3510	3052	2902	0	3581	3988	3845	3561	0	3027	3116	3223	3479	3036	3012	2833	3481	3018	2973	3167	0	3861	3099	3258	3078	3133	3099	3258	3525	3062	3057	3022	3649	3240	3148	3189	3057	3104	3185	3290	3115	3170	3258	3359	3474	3169	2965	3174	3452	4093	4209	4239	3060	3087	3104	3235	4359	4231	3475	3276
520	3503	3404	3770	3592	3596	3123	2968	0	3697	4165	3793	3692	0	3120	3140	3155	3622	3181	2986	2948	3640	3063	3032	3221	0	4173	3173	3342	3055	3109	3101	3343	3606	3091	2996	3097	3597	3182	3033	3209	3146	3020	3138	3407	3223	3148	3225	3384	3507	3209	3051	3127	3586	4194	4403	4391	3127	3090	3219	3414	4414	4256	3688	3438
530	3495	3647	3844	3675	3587	3144	3040	0	3830	4073	3826	3645	0	3203	3149	3246	3570	3237	3192	2970	3645	3045	3008	3313	0	4279	3104	3329	3013	3119	3189	3254	3569	3105	3061	3002	3756	3164	3127	3164	3154	3110	3322	3408	3111	3201	3249	3378	3544	3266	3125	3173	3687	4380	4405	4518	3308	3194	3220	3295	4465	4384	3749	3472
540	3533	3752	3966	3813	3645	3141	3033	0	3933	4219	3999	3724	0	3295	3203	3331	3645	3093	3074	2861	3655	3120	3061	3234	0	4452	3210	3372	3014	3089	3134	3266	3650	3206	3007	3166	3681	3266	3238	3200	3113	3089	3225	3387	3239	3279	3357	3453	3617	3260	3118	3235	3673	4399	4628	4496	3257	3295	3140	3299	4605	4542	3808	3492
550	3683	3854	4061	3924	3639	3162	3071	0	4047	4398	4014	3783	0	3417	3159	3281	3680	3145	3088	3043	3703	3212	3156	3600	0	4736	3329	3308	3052	3136	3230	3357	3660	3090	3187	2977	3669	3205	3281	3184	3110	3179	3204	3373	3209	3190	3342	3505	3544	3326	3291	3267	4067	4516	4694	4645	3312	3327	3270	3337	4701	4582	3992	3487
560	3838	3785	4031	3990	3627	3179	3228	0	3991	4456	4129	3738	0	3486	3182	3369	3712	3234	3213	3034	3759	3090	3119	3708	0	4822	3095	3377	3092	3155	3283	3325	3657	3239	3111	3239	3764	3185	3189	3247	3233	3166	3229	3278	3266	3183	3367	3518	3691	3258	3197	3213	4008	4667	4762	4701	3321	3303	3331	3365	4686	4638	4229	3597
570	3893	4039	4257	4032	3747	3280	3212	0	4091	4456	4062	3779	0	3789	3212	3424	3911	3347	3178	2985	3725	3432	3200	3944	0	5084	3325	3515	3160	3282	3308	3295	3748	3158	3195	3210	3679	3304	3252	3453	3258	3176	3240	3534	3276	3301	3354	3600	3694	3287	3330	3376	3973	4688	4788	4629	3250	3319	3356	3438	4764	4626	4061	3713
580	3853	4023	4153	4201	3804	3238	3351	0	4209	4476	4222	3867	0	3839	3258	3460	3753	3464	3312	3129	3822	3485	3210	4197	0	5164	3250	3354	3088	3267	3315	3411	3684	3158	3238	3131	3735	3343	3260	3494	3207	3261	3198	3464	3313	3292	3377	3597	3795	3399	3262	3262	4196	4790	4897	4846	3341	3481	3356	3453	4823	4671	4207	3770
590	3965	4026	4185	4042	3767	3323	3489	0	4282	4539	4183	4012	0	4106	3299	3442	4011	3502	3387	3127	3958	3461	3295	4591	0	5341	3391	3474	3129	3251	3382	3441	3850	3272	3308	3223	3820	3463	3288	3525	3406	3306	3343	3445	3299	3379	3326	3589	3834	3416	3344	3283	4136	4845	5095	4888	3364	3464	3380	3526	4840	4786	4288	3771
600	4043	4109	4403	4313	3967	3456	3759	0	4311	4680	4398	3944	0	4411	3355	3555	4100	3743	3469	3240	4060	3669	3560	4823	0	5527	3333	3498	3268	3328	3408	3521	3682	3305	3240	3185	3896	3535	3418	3639	3424	3351	3400	3509	3365	3492	3398	3625	3824	3624	3366	3430	4259	4996	4940	4828	3489	3410	3439	3541	4913	4792	4179	3774
610	4233	4211	4330	4287	4005	3481	3881	0	4434	4793	4335	4088	0	4629	3473	3420	4172	3953	3823	3187	4340	3970	3664	5126	0	5739	3396	3570	3248	3511	3600	3612	3764	3295	3301	3163	3899	3710	3453	3789	3487	3480	3584	3633	3401	3631	3584	3697	3948	3696	3418	3495	4404	4891	5302	5034	3475	3696	3670	3558	5033	4919	4366	3978
620	4344	4460	4843	4442	4026	3646	4212	0	4718	4927	4493	3998	0	4963	3411	3589	4296	4202	4035	3265	4423	4223	3892	5406	0	6016	3391	3611	3344	3603	3755	3532	3860	3373	3317	3387	3996	3791	3535	3823	3671	3739	3862	3653	3294	3769	3570	3823	4021	3715	3430	3438	4311	5127	5430	4951	3554	3747	3663	3689	5224	5166	4430	3943
630	4466	4724	5023	4765	4132	3790	4369	0	5059	5103	4562	4098	0	5194	3697	3600	4482	4562	4241	3323	4718	4561	4352	5963	0	6230	3533	3717	3522	4037	3999	3559	3965	3652	3396	3294	4062	4089	3823	4200	3872	3765	3992	3736	3584	4073	3674	3897	4025	3882	3452	3631	4400	5216	5430	5190	3698	4020	3864	3941	5556	5339	4373	3962
640	4783	4870	5147	5054	4390	4072	4997	0	5343	5316	4616	4176	0	5550	3752	3712	4877	5111	4788	3450	5096	5003	4775	6241	0	6394	3601	3721	3679	4363	4328	3705	4118	3870	3553	3388	4153	4599	4005	4561	4080	4230	4384	3819	3566	4372	3924	4012	4153	4103	3557	3606	4420	5341	5699	5462	3950	4240	4221	4034	5763	5588	4541	4151
650	5276	5555	5750	5798	4588	4314	5306	0	6118	5722	4899	4227	0	5774	3946	3665	4982	5416	5537	3622	5413	5519	5325	6815	0	6861	3948	3921	3941	4865	4846	3694	4418	4181	3719	3561	4291	5069	4327	4893	4622	4879	4954	4079	3897	4985	4174	4239	4158	4380	3639	3614	4626	5566	5909	5789	4003	4912	4501	4150	6571	6039	5025	4406
660	5721	6235	6673	6558	5002	4922	5838	0	6859	6250	5064	4282	0	6233	4363	3875	5520	6110	6013	3880	5735	6101	5925	7074	0	7025	4210	4109	4421	5482	5544	3892	4486	4759	4206	3755	4577	5568	4947	5460	4723	5215	5408	4444	4230	5680	4536	4582	4386	4751	3856	3759	4800	5993	6206	6551	4359	5398	5005	4499	7602	6776	5354	4864
670	7304	7837	8495	8155	6077	5939	6552	0	8341	7320	5578	4621	0	6741	5066	4157	5824	6678	6657	4318	6215	6681	6576	7751	0	7652	4840	4605	4924	6290	6001	4102	4765	5294	4800	4057	4983	6445	5613	6122	5569	6038	5969	4883	4719	6470	5108	5008	4803	5277	4318	4207	5380	7006	7391	8045	4864	6240	5741	4943	10160	8469	6037	6144
680	10254	11071	12090	10904	7942	7803	7722	0	10669	9124	6622	5094	0	7414	5694	4737	6629	7676	7401	4899	7232	7448	7382	8303	0	8075	5490	5072	5653	7230	6983	4486	5245	6256	5547	4400	5541	7344	6498	7122	6373	6734	6751	5245	5331	7140	5717	5585	5386	6249	4913	4740	6394	8875	9331	10684	5722	7491	6963	6131	14518	11817	8223	8565
690	16677	17777	19325	16348	12436	11324	10208	0	14717	12653	9084	6512	0	8892	7120	6163	8340	9008	8982	6136	8930	8651	8827	9552	0	8709	6755	6649	6852	8239	8171	5282	6151	7422	6934	4996	6615	8729	7736	8693	7828	7705	7763	6399	6442	8262	6716	7242	6802	7737	6483	6577	8771	12669	13364	15986	8107	10395	10031	9221	22926	18680	12815	14818
700	30763	31605	34636	27728	22941	20060	15841	0	22600	19761	14293	9508	0	12278	10238	9547	11861	11905	11728	8154	12485	11119	11573	12339	0	10532	8557	8828	9141	10350	10365	6525	7748	9720	9464	6267	8432	11547	9753	12004	10599	9329	9725	8626	8127	10193	8472	10978	9797	11030	10469	11983	14531	21302	22149	27417	14668	18279	18146	17043	40116	33176	24063	29017
710	58685	59067	65370	51373	47281	43038	32106	2	39408	36109	26889	19308	0	23337	20762	20575	23787	22885	21841	13700	24057	19757	21630	21653	0	15754	13265	16722	16395	17973	18335	10628	13408	16264	16270	9568	14225	19582	15404	23280	20434	14556	16311	15764	13981	18167	13511	24630	19257	21667	23217	29948	29320	40076	41489	50793	34527	41207	41132	39286	71647	61793	49336	59387
720	104184	107214	120051	97590	99832	99201	73507	52	78999	79187	65353	55438	0	62141	64717	63900	67457	67021	63763	38638	67037	57690	64020	60344	0	41851	34723	50764	48249	54866	57234	30516	36999	47113	50038	25687	38246	55755	42868	68291	61064	41589	48732	46886	41435	56638	39640	73647	55558	62387	69520	86514	72671	87072	85110	99754	86243	95871	97548	90910	124911	112653	96725	110176
730	145538	158406	174342	153676	164121	173216	138853	220	139680	147248	137949	137837	0	134099	151536	150566	151083	156251	147848	113732	152785	143434	155835	145607	0	116336	105107	136807	128880	145479	150793	99664	103640	128627	134524	86708	103355	141668	118211	157023	145006	113660	128336	122199	114799	147806	105207	166971	130111	141914	152041	171510	145864	154934	147739	164235	164301	171362	171127	159973	179584	163698	143740	153092
740	177153	191824	208992	190613	209690	219215	191524	1529	186318	195890	193989	205063	0	190438	215946	215190	210127	222560	215379	189619	213392	211213	221346	212565	0	188668	184586	208322	204425	218563	223116	181222	174403	203007	209344	164444	172122	212149	194136	218779	214435	186112	200660	189810	187149	219384	175673	224985	196120	204312	217758	224851	202356	203359	196482	209446	220301	220714	224538	209494	216961	201225	182439	187429
750	205720	220689	207462	219870	181830	118079	207557	8485	209310	213023	209192	197954	0	219728	121673	157203	170305	115217	127743	212565	179510	153050	115171	176615	0	216632	214779	174625	179889	92815	105143	216135	210343	187527	135532	205167	215827	156630	198036	114237	108003	221330	173254	210779	218766	80728	218176	70943	221488	212105	141093	82634	208754	220410	220617	209124	55422	56328	57708	148960	176501	222742	218666	220230
760	174597	122964	115363	148149	74820	57165	68329	24315	193568	184272	173709	175989	0	79601	74389	118513	140496	130169	90470	91058	182750	178931	183248	186583	0	183750	117120	177848	117311	80747	172865	141991	138263	162259	131218	164794	176894	142546	70126	133351	68115	51844	67054	64711	48791	48725	45615	50714	55136	44428	32355	29828	85108	83924	98318	64556	27665	27588	26534	28471	41146	54992	85682	80440
770	77889	180746	141223	175694	154841	139734	162860	72770	159470	136025	123005	94031	0	114374	101248	92978	93002	87068	99209	112182	68902	80267	67880	70614	0	85049	96912	63622	89416	79881	54980	87666	117626	71706	77066	62828	116483	90933	119150	88704	111347	189681	121501	152186	183453	144219	104150	127766	181123	70992	45343	46179	166827	125477	72760	96168	38177	33498	36254	33453	44619	40172	31246	28572
780	111541	116250	70405	133195	101111	58786	83918	14294	121884	78727	52466	30537	0	96999	23748	21443	23691	19977	28126	25330	17851	17759	14995	14369	0	17804	21297	14760	23534	15877	11416	18050	36565	14491	15764	12893	36597	20414	31149	20785	23565	63307	29966	39083	48648	27146	112184	22191	76557	109431	94218	67397	64725	99695	153719	107482	116309	141968	138820	143730	144521	152616	103100	81066
790	45273	20159	12693	28286	13303	6467	7272	219	30289	19184	10344	5728	0	8486	3530	4208	5214	4425	6406	5131	5011	4857	4332	3820	0	3912	4928	4308	5542	4343	3529	3760	8011	3693	3758	2291	7755	5207	6313	4698	5137	8803	5341	6774	6392	4204	13644	3179	9013	11991	6154	2980	10470	15093	24915	15711	3713	5507	4731	6922	15419	15514	20930	21303
800	11857	6201	4327	10154	3126	1510	1560	8	11780	7346	3503	1815	0	1370	692	1041	1475	1180	1907	1483	1547	1415	1354	1200	0	1058	1654	1411	1803	1918	1265	1122	2624	1114	1203	487	2414	1996	2224	1349	1835	3267	1650	2231	1711	1302	3707	799	2012	2826	1167	482	3796	5352	8797	5700	764	1295	934	1233	5127	4783	4424	3288
