0	8	40	48	55	7	4	2	0	57	55	33	11	5	7	12	10	7	3	2	0	14	3	1	0	0	1	3	3	3	1	2	3	16	4	1	1	6	4	3	2	2	3	1	5	5	3	1	7	9	4	7	5	6	29	30	23	8	9	5	3	40	40	14	5
10	15	30	50	39	5	8	10	0	60	66	23	18	7	3	6	8	6	1	3	3	4	2	3	1	3	4	5	6	1	1	2	3	16	4	0	1	16	3	4	4	2	2	7	4	5	2	3	3	8	6	9	2	8	20	35	37	6	6	5	3	43	33	16	5
20	11	34	70	46	5	10	6	0	42	60	30	16	8	4	6	11	11	3	2	0	18	5	1	6	0	2	1	4	0	2	4	2	11	1	5	0	7	7	5	7	5	1	3	4	3	1	5	6	7	5	5	8	5	32	37	27	3	7	4	2	43	35	14	3
30	17	26	46	42	6	3	10	0	64	69	32	16	9	10	12	15	4	3	6	0	22	6	3	2	3	4	1	4	4	2	2	5	16	2	3	2	8	3	5	4	4	3	2	2	3	3	5	7	15	11	7	3	10	14	28	29	7	7	2	5	62	27	9	4
40	20	23	57	56	3	4	7	0	49	68	24	21	5	6	10	14	6	4	3	2	22	4	6	6	1	3	1	6	4	3	4	1	12	3	8	5	15	6	2	4	3	1	4	6	2	3	5	8	11	5	8	5	8	26	35	35	1	4	6	5	62	38	28	5
50	16	45	61	72	7	8	4	0	65	67	37	16	5	4	3	14	8	6	3	4	21	12	3	5	3	1	5	6	1	1	1	2	13	3	2	2	11	9	2	7	4	6	7	6	2	5	6	9	12	9	5	8	8	35	45	44	10	3	5	7	51	28	12	3
60	15	36	62	62	8	14	5	0	46	69	24	15	6	6	12	15	3	4	3	1	18	2	5	8	2	4	3	5	6	1	6	6	11	5	4	4	12	9	3	12	8	0	5	7	3	3	3	8	11	10	5	4	12	25	46	45	7	5	4	8	45	36	10	3
70	15	34	65	63	11	8	9	0	68	68	36	17	11	9	8	16	10	6	3	1	17	6	6	9	4	6	5	4	3	2	4	6	24	1	4	3	20	6	7	4	6	4	6	7	6	6	8	6	10	9	4	7	11	30	40	35	8	6	7	7	41	38	18	2
80	12	45	66	61	4	10	13	0	75	86	41	22	5	9	11	23	10	14	4	1	19	6	2	6	5	6	2	9	9	1	3	3	19	4	2	7	9	8	7	9	9	4	5	3	2	9	6	11	12	6	7	4	11	33	60	35	6	9	8	9	57	34	13	10
90	27	50	71	64	11	16	6	0	71	77	40	32	12	10	14	21	13	7	5	1	27	8	4	9	2	12	3	8	6	1	11	5	17	2	5	6	14	10	6	12	5	8	6	9	6	12	7	12	14	12	9	9	19	34	39	37	13	17	9	4	44	41	19	6
100	23	56	75	77	13	14	7	0	75	82	37	20	11	10	12	20	16	9	3	2	26	7	4	9	6	3	8	12	11	7	11	4	22	6	6	9	17	11	9	10	6	5	11	7	5	5	4	7	6	12	14	9	11	36	45	47	11	18	11	7	60	37	21	5
110	24	36	79	64	10	9	6	0	68	82	37	26	9	12	16	27	15	7	5	1	23	10	7	11	8	4	1	13	11	2	10	5	22	4	3	4	24	10	8	8	9	6	7	5	5	9	4	13	14	17	7	6	12	36	38	46	8	9	9	4	53	38	22	7
120	22	55	87	68	8	11	12	0	57	105	53	28	7	20	19	26	16	8	6	2	22	9	10	9	4	10	7	13	9	8	18	5	35	7	4	5	25	10	3	9	8	7	9	8	7	6	5	17	16	18	10	8	15	48	55	60	10	10	13	7	63	50	15	10
130	24	61	94	64	13	17	11	0	72	84	45	29	11	11	26	33	18	10	8	8	28	12	6	9	8	10	5	21	9	4	15	9	31	7	4	13	24	12	10	9	10	6	10	16	11	7	6	15	16	13	13	18	20	38	55	49	14	15	7	7	45	41	18	13
140	18	58	80	92	16	16	6	0	76	96	50	29	14	25	24	34	17	12	10	5	35	10	3	13	6	14	10	15	10	8	19	9	38	11	8	9	21	10	10	13	15	4	9	20	15	6	12	19	16	24	15	14	18	60	65	66	9	19	18	9	52	33	26	7
150	34	61	98	90	20	19	14	0	64	94	41	29	10	9	19	46	11	15	9	2	39	7	8	12	11	10	5	21	9	11	18	15	28	10	1	4	28	10	11	19	13	8	9	17	13	8	11	27	18	12	11	5	8	49	61	56	13	15	13	10	65	59	21	14
160	38	66	90	79	16	14	15	0	93	95	38	42	8	12	25	54	19	15	9	7	41	10	5	13	14	16	12	30	9	9	18	10	37	4	6	15	29	14	12	14	14	16	17	22	6	13	16	27	20	23	12	11	24	47	61	60	11	20	8	15	46	60	17	14
170	37	61	91	74	18	23	22	0	92	114	57	35	16	18	21	79	17	21	15	5	48	15	5	10	8	13	12	22	5	8	21	7	55	7	9	16	33	14	17	16	15	18	14	29	8	11	16	27	21	24	7	13	15	55	60	75	12	23	14	15	66	56	31	12
180	34	46	109	86	21	20	18	0	88	101	53	45	16	19	24	65	16	16	9	4	54	18	14	12	17	11	9	30	14	7	24	13	50	5	12	10	29	14	8	13	12	11	16	29	19	19	16	29	24	17	18	13	17	57	71	69	12	23	12	12	72	63	30	8
190	51	68	82	78	18	23	16	0	96	106	47	36	13	24	20	71	19	18	5	6	72	13	6	14	16	20	19	38	20	18	23	17	56	8	11	9	35	15	12	24	14	10	20	41	14	12	14	31	31	15	15	9	18	51	63	64	13	17	9	13	67	68	23	8
200	40	69	90	85	20	19	23	0	90	111	71	30	16	17	21	95	20	22	10	4	75	16	11	17	15	15	13	35	15	17	27	15	48	16	16	11	35	22	17	20	7	11	23	42	14	14	23	49	35	11	10	13	14	58	74	70	13	25	27	18	71	46	21	14
210	38	66	98	113	15	26	12	0	94	106	55	45	16	30	28	122	20	25	12	7	78	17	12	25	14	21	18	45	17	18	37	24	79	20	20	11	43	19	20	19	18	13	26	57	17	19	20	62	23	15	13	16	19	49	66	68	23	17	16	8	70	76	27	20
220	37	71	130	106	21	24	11	0	108	127	56	45	11	20	32	134	23	18	19	8	106	17	14	22	23	23	29	68	15	19	50	22	84	10	14	10	62	38	19	31	22	15	23	68	18	21	31	63	28	23	22	15	29	64	60	77	21	28	17	14	75	65	30	11
230	49	81	108	84	23	18	25	0	104	110	50	48	14	25	35	164	36	17	14	13	123	29	14	24	22	25	29	87	24	14	77	16	85	10	12	17	50	32	16	25	28	21	28	110	22	20	28	101	35	28	15	15	20	65	69	71	19	20	12	15	100	73	29	12
240	42	82	90	95	28	23	18	0	104	112	71	67	16	22	36	206	28	36	23	6	132	23	17	19	32	22	37	155	21	25	96	25	104	10	19	20	64	22	16	18	25	29	27	118	13	27	45	107	35	22	11	18	25	47	89	84	17	26	27	24	91	70	45	15
250	52	80	119	92	31	27	21	0	94	134	63	60	22	19	57	237	33	35	17	14	174	32	13	29	30	33	50	157	27	26	107	43	125	22	13	22	59	44	21	32	29	16	37	182	27	31	51	153	39	27	24	16	28	52	71	66	20	26	14	18	82	93	40	18
260	56	76	134	109	36	34	30	0	136	160	76	92	28	40	68	320	33	35	19	11	209	33	16	23	29	30	75	248	35	42	135	54	154	21	21	24	72	38	23	42	55	28	53	214	31	32	81	176	35	26	22	22	28	65	77	73	28	32	29	25	92	84	32	18
270	47	79	119	117	46	21	33	0	120	153	61	78	30	32	66	380	42	57	24	10	239	42	17	30	40	37	100	314	33	45	179	63	147	22	13	35	96	34	23	39	33	21	69	270	31	36	94	186	40	40	18	19	39	62	99	83	28	37	33	26	86	82	46	17
280	43	83	136	125	55	35	37	0	130	163	77	94	24	29	77	414	51	58	29	12	259	56	22	42	48	53	120	417	48	53	221	94	204	18	23	33	101	56	29	46	61	41	77	304	30	32	139	253	54	44	31	23	43	68	84	80	29	28	23	26	99	78	44	19
290	73	97	123	108	45	41	26	0	151	173	76	119	32	29	106	530	48	75	19	18	279	68	23	55	61	54	180	538	55	53	249	112	289	28	22	48	98	60	34	50	76	38	82	421	40	42	154	325	35	38	20	19	33	70	99	83	24	48	22	23	115	55	43	24
300	56	95	162	125	35	42	37	0	144	179	78	120	25	36	106	617	57	85	32	14	373	73	25	67	80	74	207	700	75	84	316	141	292	44	34	48	144	79	30	75	93	56	113	497	55	54	207	355	64	40	28	34	38	76	89	91	32	46	47	19	66	67	36	23
310	69	107	134	141	48	56	28	0	151	207	97	166	34	29	139	689	67	105	41	19	416	104	34	74	101	70	304	824	95	102	417	209	342	36	46	61	164	99	44	77	120	78	129	645	68	51	263	417	59	49	23	38	53	75	96	101	33	33	38	33	101	67	41	28
320	62	115	150	165	53	45	45	0	165	207	96	136	24	65	157	775	56	112	35	20	504	106	35	71	123	111	379	925	100	136	431	240	435	37	41	59	198	119	51	79	139	95	157	733	61	54	307	539	72	32	32	31	38	63	96	106	36	53	38	45	100	91	55	23
330	69	116	161	158	87	62	39	0	180	213	125	181	35	68	222	893	77	132	49	20	643	133	32	123	175	134	471	999	125	173	539	357	456	39	55	88	251	166	58	106	172	114	202	811	78	69	373	611	86	62	42	33	47	82	107	88	49	59	53	37	125	84	59	17
340	84	131	154	165	105	84	43	0	196	249	108	214	45	71	248	1057	92	155	56	37	713	137	46	134	188	159	577	1163	153	206	626	401	540	67	47	114	267	204	73	133	191	133	261	1024	98	84	422	695	83	61	43	35	46	77	110	113	52	52	62	55	115	91	54	27
350	82	127	169	165	113	90	45	0	250	281	104	291	67	94	292	1103	107	216	65	35	784	190	62	173	233	189	644	1332	222	263	692	502	627	52	86	128	353	217	102	173	271	152	291	1109	125	112	524	840	107	69	31	39	62	92	115	105	56	62	60	38	114	96	56	35
360	80	133	207	181	130	116	67	0	249	308	139	303	82	114	356	1284	129	276	89	41	927	253	61	196	288	255	778	1467	257	343	804	570	755	82	86	167	430	299	102	231	314	202	365	1291	144	155	606	927	108	81	53	43	53	85	102	116	59	81	72	59	148	109	52	33
370	90	145	239	212	146	119	51	0	269	374	161	398	93	138	376	1423	145	312	108	59	1073	319	81	284	422	333	895	1659	328	387	933	711	853	109	117	203	476	340	138	268	412	239	430	1342	159	165	689	1041	116	86	63	54	59	96	100	108	72	96	76	74	147	126	59	40
380	99	168	253	211	225	153	65	0	333	413	165	463	107	170	533	1549	168	320	143	65	1227	373	113	335	473	375	1064	1834	376	476	994	859	1088	128	183	260	539	399	176	349	476	291	476	1446	234	231	872	1188	151	139	51	61	55	99	107	136	93	108	85	94	156	108	68	45
390	112	197	298	247	291	182	77	0	382	452	211	578	141	209	647	1778	246	455	188	89	1454	463	141	461	583	480	1212	1923	535	650	1184	1005	1225	129	170	319	683	507	242	443	551	395	651	1618	292	273	967	1395	158	144	59	54	56	90	134	149	97	147	103	100	149	107	67	45
400	111	216	331	300	337	214	128	0	444	575	218	617	183	250	703	1831	290	538	221	122	1566	606	180	497	691	592	1319	2064	600	724	1333	1157	1387	184	229	433	809	594	287	517	750	477	791	1820	350	346	1117	1477	216	180	85	75	81	126	138	138	115	181	155	137	193	142	62	53
410	156	241	378	318	421	280	146	0	539	685	279	753	209	318	869	2023	368	675	267	133	1885	683	231	640	849	681	1470	2149	733	908	1526	1274	1645	240	277	455	935	729	357	651	761	585	867	1940	429	391	1248	1624	286	238	89	75	82	122	158	182	144	206	189	169	198	128	76	59
420	150	240	485	414	558	366	174	0	584	744	293	952	246	385	915	2148	476	741	380	187	2034	827	304	773	950	840	1658	2296	850	987	1637	1462	1813	323	319	517	1099	902	454	830	938	658	1037	2033	518	515	1347	1857	330	310	100	106	69	121	161	195	153	261	246	185	264	148	74	59
430	195	341	547	490	698	503	211	0	711	930	395	1083	370	464	1157	2308	601	935	470	214	2151	987	407	924	1132	987	1739	2451	1084	1147	1765	1704	2021	413	464	697	1277	954	509	945	978	825	1177	2059	625	616	1536	1913	380	330	135	126	84	148	161	207	223	359	335	277	277	152	98	92
440	271	384	717	657	857	612	278	0	800	1139	455	1216	432	598	1223	2415	738	1086	601	266	2408	1115	471	1075	1279	1117	1766	2653	1131	1259	1853	1740	2180	518	556	741	1432	1171	695	1177	1187	934	1324	2280	782	746	1633	2099	509	445	153	161	94	152	166	226	254	428	388	357	355	160	97	95
450	269	454	809	692	983	658	368	0	1030	1297	543	1293	526	662	1418	2557	973	1169	737	326	2476	1240	550	1225	1407	1253	2042	2617	1345	1398	2023	1818	2340	583	651	873	1743	1370	797	1352	1282	1062	1364	2382	877	897	1875	2241	564	528	214	209	127	163	215	278	349	494	444	354	421	174	91	113
460	373	545	951	842	1187	896	467	0	1188	1353	693	1527	667	787	1610	2686	1148	1404	842	390	2699	1381	752	1378	1550	1442	2247	2793	1490	1566	2191	1984	2590	641	869	1008	1979	1594	908	1595	1529	1194	1518	2429	980	961	1928	2330	751	630	289	278	130	187	185	318	432	647	562	490	466	197	103	156
470	451	714	1255	970	1294	1064	550	0	1351	1654	766	1726	794	1001	1818	2791	1351	1523	965	497	2902	1668	892	1524	1726	1602	2290	2974	1584	1754	2323	2167	2872	862	990	1195	2164	1678	1116	1686	1687	1391	1756	2651	1210	1196	2176	2519	858	794	327	308	168	224	247	419	566	797	772	559	649	217	142	159
480	563	850	1464	1193	1529	1283	701	0	1636	1808	994	1833	890	1105	1982	2859	1564	1788	1214	623	3026	1830	1040	1853	1862	1779	2367	3022	1759	1881	2425	2259	3066	1021	1117	1205	2445	1867	1323	1876	1797	1602	1958	2812	1355	1432	2391	2712	1075	1027	429	379	167	254	263	471	698	917	911	730	733	292	153	240
490	727	1048	1775	1424	1732	1477	952	0	1862	2038	1107	1953	1064	1282	2181	3012	1983	1962	1442	742	3183	1981	1279	1900	2070	1986	2643	3102	2073	1974	2463	2499	3229	1315	1300	1356	2719	2086	1513	2204	2062	1695	2013	2936	1544	1612	2461	2898	1287	1104	594	564	263	277	319	572	868	1140	1098	905	839	298	187	311
500	943	1175	1969	1630	1911	1745	1128	0	2077	2339	1334	2168	1197	1441	2228	3002	2192	2093	1629	855	3331	2168	1425	2041	2216	2070	2587	3140	2090	2182	2738	2616	3408	1386	1403	1576	2855	2358	1706	2308	2145	1952	2169	3006	1749	1768	2525	2973	1527	1302	663	685	275	376	387	705	1077	1310	1275	1078	1118	367	216	324
510	1134	1491	2406	1897	2121	1941	1381	0	2368	2600	1538	2327	1411	1717	2455	3146	2418	2295	1803	1102	3622	2302	1629	2209	2318	2313	2780	3228	2300	2343	2779	2685	3589	1570	1654	1694	3169	2577	1883	2547	2408	2076	2378	3098	1919	1956	2788	3080	1863	1575	842	925	351	412	440	860	1288	1592	1429	1293	1364	456	216	454
520	1398	1831	2635	2263	2258	2214	1602	0	2616	2829	1809	2486	1617	2008	2634	3329	2644	2475	2033	1305	3788	2507	1932	2501	2513	2502	2935	3439	2507	2517	2943	2842	3819	1912	1865	1932	3374	2562	2170	2808	2460	2283	2491	3192	2193	2161	2866	3177	2325	1848	1088	1152	541	583	523	1065	1564	1816	1703	1568	1591	540	309	561
530	1693	2015	2938	2517	2526	2488	1888	0	2863	3048	2040	2658	1842	2148	2834	3304	2891	2681	2286	1482	3869	2629	2153	2474	2658	2701	3035	3562	2636	2547	2971	3025	3921	2048	2131	1977	3530	2909	2354	2843	2653	2470	2771	3300	2309	2431	3043	3409	2495	2111	1358	1373	648	733	650	1329	1876	2018	1932	1771	1953	713	407	646
540	1955	2294	3255	2902	2648	2710	2047	0	3015	3271	2281	2812	2065	2418	3047	3454	3183	2862	2442	1638	3928	2741	2298	2686	2799	2690	3156	3590	2801	2855	3176	3067	4031	2258	2356	2144	3740	3023	2580	3147	2720	2546	2821	3294	2532	2506	3176	3455	2797	2383	1511	1669	841	899	828	1586	2197	2321	2281	1871	2128	883	508	817
550	2344	2642	3525	2979	2850	2895	2361	0	3221	3553	2497	2969	2201	2537	3037	3522	3331	2916	2652	1854	4169	2925	2525	2820	2884	2892	3279	3628	2918	2875	3224	3192	4210	2497	2344	2324	4066	3123	2750	3278	2954	2705	2980	3521	2788	2773	3407	3552	3060	2622	1797	2010	1078	1149	1131	1926	2407	2647	2500	2199	2369	1102	654	982
560	2729	2911	3642	3362	3053	2943	2473	0	3490	3683	2743	3047	2420	2657	3232	3693	3490	3043	2806	1982	4216	2986	2671	2959	2998	3055	3298	3711	3012	3096	3393	3208	4159	2667	2566	2491	4154	3248	3005	3462	3091	2825	3113	3660	2854	2962	3450	3656	3357	2758	2029	2196	1307	1352	1330	2125	2670	2729	2805	2549	2719	1288	778	1089
570	2940	3169	3956	3626	3237	3180	2722	0	3691	3863	2942	3182	2650	2785	3394	3727	3709	3151	2956	2260	4324	3126	2765	3129	3157	3265	3367	3765	3182	3136	3380	3458	4355	2774	2849	2672	4270	3468	3097	3444	3048	3015	3243	3631	2994	3139	3448	3677	3490	3075	2242	2511	1578	1669	1451	2390	2880	3067	3022	2624	2986	1461	928	1322
580	3286	3354	4116	3736	3213	3305	2890	0	3780	3898	3113	3340	2740	2930	3410	3718	3782	3459	3100	2432	4409	3391	3051	3218	3162	3252	3496	3783	3290	3282	3512	3516	4358	3012	2927	2678	4346	3594	3304	3675	3291	3091	3265	3671	3123	3272	3685	3808	3741	3167	2554	2711	1898	1866	1878	2737	3114	3170	3221	2876	3229	1805	1145	1468
590	3600	3729	4353	4106	3580	3522	3030	0	4024	4170	3346	3513	2996	3176	3541	3836	4007	3434	3203	2536	4437	3418	3154	3340	3430	3364	3518	3972	3329	3378	3636	3569	4585	3140	2956	2920	4499	3782	3396	3706	3526	3209	3361	3773	3327	3434	3683	3856	4098	3241	2775	2978	2134	2271	2150	2981	3310	3289	3300	3118	3432	2025	1373	1641
600	3893	3870	4436	4291	3687	3510	3243	0	4089	4314	3553	3650	3127	3301	3657	3961	4341	3529	3372	2635	4593	3476	3111	3438	3497	3479	3517	4014	3443	3448	3677	3682	4707	3233	3158	3111	4552	3847	3550	3839	3476	3316	3417	3887	3534	3620	3813	3917	4328	3553	2937	3129	2570	2462	2518	3295	3552	3425	3491	3127	3766	2311	1686	1809
610	4059	4232	4560	4304	3801	3606	3307	0	4322	4481	3866	3648	3411	3388	3735	3918	4330	3703	3511	2874	4795	3500	3364	3581	3627	3550	3803	3997	3490	3477	3794	3788	4828	3238	3370	3235	4608	3924	3795	4037	3527	3462	3600	3854	3505	3570	3894	4078	4391	3766	3111	3407	2911	2840	2809	3504	3688	3766	3713	3470	3905	2620	1846	2094
620	4397	4378	4973	4732	3937	3748	3424	0	4599	4510	3914	3712	3387	3461	3729	3999	4422	3692	3648	3115	4793	3623	3424	3604	3700	3705	3840	4105	3603	3562	3808	3870	4837	3563	3432	3295	4823	4022	3847	4093	3702	3636	3740	4032	3592	3733	4033	4155	4571	3819	3481	3618	3175	3110	3018	3768	3896	3768	3802	3487	4113	2905	2203	2330
630	4485	4452	4985	4733	3995	3960	3654	0	4673	4612	3987	3861	3476	3607	3883	4188	4443	3825	3644	3250	4786	3787	3579	3665	3849	3792	3869	4270	3852	3790	3852	4048	4938	3616	3491	3423	4819	4186	4018	4202	3790	3767	3902	4016	3801	3961	4153	4323	4599	3887	3470	3848	3417	3557	3304	4024	4078	4073	3997	3682	4619	3246	2527	2532
640	4628	4746	5231	5006	4195	3956	3662	0	4834	4797	4263	3983	3599	3742	3913	4026	4581	3958	3876	3464	4774	3912	3734	3687	4056	3882	3985	4151	3833	3708	3941	4111	5038	3668	3739	3584	4962	4191	3994	4323	3792	3792	3809	4287	3806	3891	4164	4244	4809	4097	3759	3949	3669	3663	3616	4264	4146	4222	4098	3860	4672	3617	2740	2724
650	4917	4875	5360	5205	4322	4060	3827	0	5057	4830	4443	4045	3694	3913	4019	4202	4690	3956	3890	3560	5065	3958	3731	3765	3951	4016	4018	4312	3893	3949	4025	4162	5073	3861	3817	3636	5101	4295	4205	4330	4025	3789	3967	4152	3958	4059	4335	4440	4996	4423	3885	4064	4030	3959	4020	4435	4284	4284	4394	4011	4908	4005	3247	2929
660	5051	5047	5415	5307	4522	4238	3858	0	5068	4972	4456	4177	3947	3953	4161	4379	4900	4187	4032	3650	5082	3915	3971	3983	4043	4038	4003	4365	3973	3843	4117	4309	5106	4038	4053	3812	5112	4434	4247	4454	4031	3908	4124	4438	4188	4223	4224	4471	4976	4442	4025	4225	4299	4206	4192	4719	4457	4395	4403	4197	4945	4284	3519	3166
670	5268	5283	5720	5338	4631	4290	4042	0	5213	5297	4647	4145	3946	4001	4231	4330	4950	4158	4100	3659	5193	3997	3937	4031	4193	4105	4136	4548	4155	3945	4210	4228	5120	4118	3976	3828	5268	4499	4359	4576	4167	3959	4078	4342	4196	4381	4316	4503	5127	4600	4166	4524	4621	4381	4541	4963	4591	4527	4569	4376	5326	4565	3716	3255
680	5467	5640	6008	5714	4817	4425	4195	0	5410	5277	4695	4445	3972	4076	4404	4481	5089	4256	4189	3905	5331	4055	4130	4050	4169	4115	4294	4633	4151	4225	4167	4252	5292	4093	4079	3919	5367	4623	4502	4662	4188	4109	4114	4476	4405	4458	4561	4681	5182	4618	4251	4550	4790	4702	4625	5197	4656	4585	4509	4336	5499	4803	4071	3511
690	5834	5764	6023	5835	5062	4462	4224	0	5505	5474	4736	4452	4170	4093	4295	4613	5126	4506	4304	3985	5360	4247	4053	4268	4228	4176	4279	4671	4365	4117	4294	4346	5511	4249	4264	4066	5477	4607	4515	4564	4267	4180	4271	4585	4328	4503	4591	4757	5297	4854	4595	4574	4903	5077	5044	5494	4811	4703	4668	4525	5669	5049	4296	3751
700	6106	5903	6224	6064	5168	4747	4387	0	5571	5737	5057	4556	4195	4113	4492	4718	5177	4366	4474	4039	5356	4362	4214	4208	4231	4307	4277	4594	4308	4111	4350	4584	5461	4234	4337	4002	5499	4717	4677	4707	4383	4100	4419	4608	4477	4559	4568	4920	5512	4876	4507	4699	5416	5323	5262	5806	4946	4920	4841	4727	6077	5493	4711	4042
710	6266	6064	6614	6429	5408	4743	4354	0	5915	5973	5158	4702	4369	4306	4458	4675	5377	4374	4428	4146	5675	4307	4314	4393	4348	4383	4373	4829	4426	4331	4420	4598	5594	4397	4390	4148	5821	4784	4681	4822	4412	4334	4440	4631	4637	4650	4777	5009	5456	4944	4737	4752	5591	5566	5550	5983	4865	5054	4995	4808	6248	5694	4955	4199
720	6407	6564	6969	6611	5632	4803	4454	0	6041	6086	5384	4971	4466	4372	4585	4868	5555	4652	4459	4251	5501	4536	4421	4437	4583	4302	4545	4922	4393	4416	4564	4754	5601	4448	4367	4269	5727	4872	4861	4907	4478	4450	4462	4744	4595	4600	4811	5042	5630	5063	4681	4889	5812	5801	5753	6087	4967	5084	5300	5010	6631	6087	5152	4432
730	7079	7123	7550	7030	5844	5080	4626	0	6456	6234	5531	5157	4542	4601	4714	4979	5677	4774	4501	4430	5782	4445	4600	4671	4643	4564	4578	5007	4495	4523	4637	4681	5853	4464	4539	4374	6017	4893	4861	5081	4716	4595	4545	4841	4666	4808	4922	5247	5973	5182	4912	5069	6063	6096	6181	6678	5350	5110	5293	5208	7166	6575	5515	4847
740	7659	7939	8232	7627	6048	5298	4880	0	6447	6617	5786	5377	4689	4595	4759	5071	5919	4804	4768	4436	6059	4747	4500	4746	4678	4711	4701	5190	4785	4453	4866	4745	5813	4728	4639	4502	6124	5219	4925	5130	4768	4667	4773	4981	4776	4945	5071	5372	6017	5474	5115	5224	6396	6482	6566	7022	5485	5587	5467	5473	7961	7085	6058	5211
750	8365	8789	9122	8389	6359	5594	5352	0	7085	6998	6090	5597	4902	4810	4982	5166	5992	5039	4838	4556	6190	5006	4780	4832	4879	4734	4766	5289	4829	4776	4853	4910	6053	4647	4886	4718	6269	5378	5160	5189	4855	4722	4789	5242	4920	5033	5007	5439	6321	5493	5168	5502	6829	6963	7038	7567	5561	5755	5852	5711	8630	7932	6447	5810
760	9531	9765	10402	9337	7061	5880	5793	1	7640	7354	6397	5835	5023	4953	5143	5325	6333	5289	5044	4775	6259	5100	4907	4983	4990	4883	4764	5460	4884	4753	4995	5234	6207	4954	4831	4681	6427	5571	5332	5517	4958	4862	5113	5425	5093	5302	5108	5827	6522	5796	5427	5590	7005	7635	7627	8579	5910	6128	6054	6129	10131	9068	7005	6435
770	12542	12652	13359	11494	8606	6952	6582	7	9099	8628	7181	6366	5571	5478	5217	5950	6687	5611	5424	5065	6764	5497	5429	5449	5219	5136	5096	5780	5228	5031	5371	5441	6663	5316	5414	5052	6829	6104	5408	5776	5414	5180	5320	5797	5303	5499	5370	6321	6753	6207	5949	6313	8086	8776	9047	10142	6773	7127	7113	7316	12768	11773	8941	8893
780	16770	16943	17884	15022	11516	9084	8361	36	11415	10639	8267	6819	6307	6198	5963	6693	7644	6536	6153	5424	7792	6194	6180	6164	5436	5665	5373	6519	5766	5697	5627	5941	7011	5826	5818	5340	7152	6738	6041	6875	6158	5635	5898	6218	5803	6124	5828	7357	7391	7029	6830	7571	9599	10974	11115	12931	8214	9089	9145	9153	17344	15840	11956	12784
790	25166	24384	26433	21214	16757	13832	11768	80	15894	14482	11000	8561	8433	8075	7592	8208	9479	8302	7632	6194	9487	8030	7847	7712	6479	6796	6076	7477	6901	7015	6908	6376	8012	6950	6822	5950	8220	8308	6859	8439	7738	6717	7100	7522	6695	7496	6742	9643	9076	8649	8630	10601	12557	14773	14806	17167	11586	13536	13703	13578	25157	23110	17768	20492
800	42795	41269	44821	35003	30996	26207	20507	115	25316	22917	17347	13230	14976	14003	12289	13019	14903	13626	12545	8582	15146	12276	12621	12176	8759	9630	8044	11008	9714	11117	10540	8323	10250	9798	10087	7372	10761	12510	9699	13871	12893	9668	10806	11165	9255	11945	9598	16864	13403	13859	15036	20057	20019	23856	23817	28437	21587	26177	26171	25519	44248	40314	31777	38649
810	79648	78959	89531	69438	67688	64195	46431	207	51375	48732	37383	30121	40165	37151	34903	34912	37086	36958	34140	19483	36977	31543	34484	33858	19961	24658	17518	26760	24090	30183	28077	15772	20143	23944	26324	14198	21368	31466	22597	39299	35087	23210	27347	26541	22306	32566	21580	45697	32363	36441	40909	55045	44713	53314	51568	62449	54971	65402	65625	60637	90858	82044	68782	80528
820	129173	133966	152037	126517	133603	136072	102798	384	106106	109067	93705	88699	102317	101232	105288	105778	103587	108492	103932	68322	104669	95964	106674	105796	68095	83710	62101	88493	81283	98128	94799	53859	63372	79389	87490	49966	63214	94689	73874	112047	102608	73295	85457	79907	74529	99843	67953	120548	90940	101188	111818	133742	109924	119708	116114	129697	124279	134652	135934	124502	155398	140853	122332	132040
830	159884	170099	189174	170398	185342	191568	154566	1410	162547	170784	158535	163253	169575	168512	182809	182949	178215	189153	180813	144543	183255	176654	187747	186267	143290	165541	136884	168506	160039	183322	178430	124012	130485	156113	168705	117497	129459	169203	145482	188935	182904	145905	160556	152193	146676	180794	132453	201669	162482	174540	186010	201192	177109	181673	175392	188239	187881	196195	197843	181034	199205	180646	159691	164318
840	179411	191889	208076	192783	210568	218187	189619	5302	187453	197299	192987	199479	200677	201327	219584	215795	212114	217913	221041	191521	217315	218417	222004	221333	194859	209414	191028	212062	206000	221105	219136	174719	173109	201257	208227	168219	173878	212278	194965	222377	216399	190528	203738	195482	192657	220926	176269	213618	197149	207710	220026	223455	209400	209710	202897	213569	218706	216516	223174	212580	220806	207961	184142	187843
850	198812	215949	215485	214191	201641	146051	222782	15951	211998	216505	215183	213072	222736	224444	127888	159284	183818	110256	117741	211697	156586	126210	91812	95910	217376	149019	210945	158053	189381	92603	104430	214422	207733	201966	141538	206672	213209	157119	212462	104635	105094	224493	192361	218708	224071	90006	213031	77468	219342	211804	165380	105591	199410	198542	212697	181332	85477	76988	84023	166833	149382	204585	215432	218878
860	212752	195491	146780	197370	109678	58499	109522	35737	205165	176941	177980	177076	148811	134796	58091	88571	116961	67374	57775	74633	132438	78562	88018	76513	85219	78568	73707	118142	76611	53910	88962	159422	182272	118627	67174	212480	176476	81305	62340	72994	48920	74667	55157	78883	60950	38156	141414	46555	99965	80505	46700	34004	107186	116465	133190	89716	26927	26649	26163	49286	57414	95719	166782	182390
870	102130	105274	126454	112189	88322	76917	81712	66776	166994	176103	188039	186400	54132	47377	94543	150940	164553	153002	97449	90044	176329	185835	178652	177837	102397	177505	126723	158686	128086	124633	165072	157559	146324	165965	150210	147717	159126	143035	65008	135464	76484	43818	69754	58163	39093	43806	38091	55956	46736	36547	30936	29602	65379	56613	54768	50375	27832	29585	28495	27606	34130	37545	43986	43172
880	70312	183467	158839	181050	170154	167882	180033	111577	178259	159806	141125	119030	85592	72750	126604	121508	127039	122560	138390	153571	86800	108059	82538	84705	137268	99641	125794	77056	111164	99401	73611	115179	138900	92509	102800	74967	145942	121900	162549	107959	147618	96637	166607	166537	91319	170170	42429	168430	62860	40081	34550	34911	92122	60795	49750	55775	33474	30924	33107	31218	39828	35642	32144	29854
890	67554	141177	89154	141322	115700	88139	114484	83897	134909	103569	80790	56355	130198	134399	37943	33347	39845	30965	44045	47221	24535	26250	19121	18076	45481	24408	34779	19632	36402	25235	16547	35034	60115	24729	27382	24614	62252	39352	64148	37046	51361	131712	64360	90128	115742	73589	197075	61255	174259	115195	86373	87616	141976	116449	53125	91120	50057	40583	42443	38699	47831	42494	33764	32809
900	93941	65837	39233	79661	57516	30838	42781	10879	76788	43885	28614	17864	50124	47607	9095	8067	11074	7301	12235	9495	7054	6073	5035	4610	11550	5361	7192	4814	10105	4944	4248	8207	18898	5515	5593	5145	17407	7918	13972	7764	8812	30529	12849	18512	21608	10639	62429	9133	39645	59613	45717	31972	30168	49109	65939	56044	45316	44911	47299	49318	58609	56847	67580	75474
910	33040	15093	10227	19660	8991	3961	4674	305	20855	12599	7208	4830	4137	4624	1432	1712	2785	1503	2341	1662	2026	1332	1123	1094	2352	1019	1194	1110	2166	899	954	2043	4806	1215	1102	1027	3674	1368	1946	1410	1443	3338	1755	2657	2026	963	7192	1141	4498	5936	2720	1465	5557	7503	12396	8165	1723	1866	1897	3907	8821	9618	12668	13468
920	12091	6946	5003	9184	3289	1333	1455	87	9151	6054	3099	2032	722	862	371	536	880	513	659	503	711	497	423	418	698	368	406	441	671	353	343	682	1754	469	395	367	1181	497	576	456	488	842	502	799	535	308	1514	408	1211	1245	542	345	2360	3202	5878	4120	524	494	482	950	3765	3865	3723	3253
930	5367	3635	2786	5162	1196	557	538	11	4593	3143	1369	832	269	308	221	270	385	259	307	255	327	258	230	229	301	212	214	236	292	203	208	293	612	243	223	221	482	263	265	238	234	316	245	333	254	200	430	228	431	410	240	207	1147	1489	2894	2325	289	267	253	432	1768	1503	1239	949
940	2933	2178	1624	3203	622	300	300	0	2817	1644	707	473	168	190	138	185	237	171	181	164	213	169	149	146	191	134	137	163	186	131	135	208	360	167	145	143	273	165	164	157	163	194	151	214	173	142	240	155	265	239	152	132	607	788	1455	1190	149	137	123	222	735	658	590	464
950	1268	934	652	1699	366	216	218	1	1473	645	350	297	155	170	119	168	209	157	165	153	189	160	135	134	173	123	130	156	174	118	124	185	262	156	127	127	224	161	153	139	145	176	146	192	156	144	202	159	220	199	134	112	334	399	719	481	130	123	115	175	338	286	293	263
960	641	381	301	771	229	135	131	0	615	353	229	206	96	104	95	104	127	102	105	97	114	101	96	95	99	91	94	94	102	92	92	113	167	97	93	93	144	93	96	95	97	104	93	115	105	99	137	110	141	130	95	93	214	230	313	239	95	94	91	105	192	167	174	167
970	342	289	188	341	167	105	101	0	351	226	167	145	88	93	76	93	94	91	91	83	93	88	81	80	87	74	73	85	87	71	72	95	129	89	80	73	106	90	86	82	78	89	84	94	80	57	107	77	103	104	79	69	173	178	217	185	78	72	67	89	139	126	143	131
980	293	226	110	270	122	97	94	0	287	194	111	107	63	80	28	73	89	73	74	49	82	64	37	28	68	24	25	48	69	20	28	87	99	54	30	28	94	60	47	49	32	70	43	86	42	12	91	31	94	96	48	18	129	164	190	142	45	29	25	86	102	98	104	102
990	162	97	89	102	90	50	47	0	117	96	89	86	5	15	0	4	31	3	15	0	4	2	0	0	5	0	0	0	5	0	0	16	85	0	0	0	58	2	2	2	0	16	0	18	1	0	40	0	53	63	4	0	88	89	99	91	1	1	1	23	86	78	87	81
1000	98	13	0	91	15	0	0	0	95	26	1	0	0	0	0	0	0	0	0	0	0	0	0	0	0	0	0	0	0	0	0	0	4	0	0	0	0	0	0	0	0	0	0	0	0	0	1	0	0	0	0	0	1	1	63	0	0	0	0	0	0	0	1	1
