0	15	30	68	65	6	10	11	0	71	90	46	24	6	11	14	11	6	5	3	0	10	3	3	9	3	4	2	4	3	3	5	5	8	1	2	5	5	1	2	4	5	3	2	4	1	4	0	2	10	5	4	6	28	50	54	43	6	4	3	7	45	35	14	9
10	11	34	57	53	10	12	6	0	55	89	43	20	8	8	6	9	8	5	4	1	12	5	6	8	5	8	6	3	2	5	3	0	6	7	0	9	6	6	2	4	4	5	9	2	4	1	1	3	8	5	8	6	26	33	63	42	4	6	4	1	25	23	17	2
20	14	34	54	50	10	4	9	0	69	87	50	13	4	7	11	9	6	5	7	2	9	4	7	6	4	6	2	5	4	1	7	6	5	3	4	4	4	6	3	6	9	4	6	4	5	7	2	5	2	10	8	9	20	50	66	49	2	6	11	4	48	46	17	9
30	7	33	60	56	4	5	8	0	66	81	40	13	10	7	6	10	10	8	7	6	21	4	2	8	2	7	2	9	3	1	5	3	11	2	4	8	3	7	6	9	6	3	7	6	3	4	4	7	10	9	9	9	14	38	68	47	9	6	4	6	42	43	18	10
40	14	44	66	52	9	7	4	0	65	102	45	26	14	9	9	11	3	7	6	5	16	9	7	24	7	11	7	4	8	5	7	6	12	3	2	9	4	10	6	10	8	5	7	5	4	3	2	4	5	8	1	12	20	54	55	51	6	10	8	10	43	29	12	10
50	8	38	77	53	9	10	11	0	64	84	59	16	9	11	16	12	4	12	5	2	22	6	5	21	11	17	9	11	4	6	10	9	15	1	5	11	12	6	3	9	18	5	6	6	2	1	1	7	12	8	5	6	34	51	65	40	6	3	7	2	31	54	21	9
60	12	40	59	63	8	10	10	0	68	77	51	27	7	9	20	12	11	9	10	6	20	11	9	19	7	15	7	9	11	0	6	3	20	8	4	19	7	7	4	10	18	4	14	3	7	8	4	7	5	9	12	6	25	41	61	40	4	9	10	3	53	36	18	11
70	15	29	65	59	7	10	12	0	77	85	52	36	11	13	17	13	8	10	12	3	31	14	5	28	10	12	5	10	9	9	14	6	26	4	4	17	8	14	6	10	24	3	10	6	7	9	5	9	8	7	5	9	25	47	82	55	10	12	5	5	54	40	19	10
80	30	33	60	59	10	16	11	0	76	110	56	24	16	15	18	18	8	20	15	8	27	13	7	46	21	22	4	8	15	11	16	7	21	6	10	17	8	14	8	15	36	5	16	7	8	7	5	14	10	8	10	5	22	51	74	63	5	4	8	5	39	39	12	8
90	15	57	76	59	7	13	14	0	79	78	51	26	13	12	31	27	11	11	16	7	45	21	5	42	22	29	8	8	6	6	17	11	28	10	8	33	10	9	13	14	33	11	27	14	9	11	2	17	11	12	6	12	28	48	61	53	10	11	5	3	43	55	22	13
100	19	38	76	49	13	13	14	0	71	86	46	24	14	17	35	27	6	14	22	4	48	18	8	52	36	37	8	13	13	19	41	12	36	3	5	36	7	23	6	19	55	10	33	6	10	12	7	20	9	14	13	8	30	73	58	68	4	5	12	6	46	37	22	6
110	7	53	71	62	13	11	9	0	73	87	55	29	14	21	35	46	14	25	22	9	47	26	9	90	48	40	11	22	22	33	37	11	41	16	9	68	17	30	9	29	79	14	35	7	14	11	13	18	12	12	7	8	25	53	71	50	4	12	7	4	40	38	22	9
120	19	47	72	52	10	12	14	0	77	102	60	28	15	23	40	39	15	37	36	9	70	45	10	115	49	56	11	15	20	37	62	5	56	17	14	80	20	21	13	36	76	25	43	9	18	13	13	36	16	8	12	6	41	68	68	60	9	11	11	9	42	44	15	11
130	16	50	75	77	11	19	14	0	84	106	55	37	23	15	47	47	17	47	31	12	87	31	9	121	67	79	15	14	38	60	71	8	55	9	15	99	17	31	19	30	110	39	59	19	14	22	17	39	18	12	10	10	31	56	62	64	6	8	10	8	65	43	19	11
140	24	46	87	74	12	15	8	0	84	106	68	31	20	19	43	63	8	50	32	10	75	72	13	143	92	91	11	24	51	71	109	9	67	26	20	134	19	51	23	37	107	33	76	21	20	21	9	60	14	9	7	5	47	62	74	67	13	8	12	8	53	59	25	14
150	18	51	73	74	15	15	7	0	92	129	74	29	22	19	74	111	17	47	43	13	108	61	19	159	104	125	28	28	66	94	146	10	79	34	20	141	28	57	33	46	150	48	100	34	28	20	17	76	11	8	16	10	35	63	81	68	10	7	8	7	78	40	22	13
160	21	36	83	77	11	18	14	0	75	94	65	33	24	47	82	119	25	60	62	16	121	77	25	179	149	153	19	34	65	126	204	17	110	31	36	196	39	71	28	69	174	60	101	34	41	31	28	89	17	17	10	9	31	49	79	53	8	12	10	8	48	51	36	11
170	32	49	100	68	15	16	14	0	106	119	65	25	32	34	108	141	18	62	72	33	153	81	34	249	187	177	37	46	95	191	253	17	93	37	38	219	28	76	30	81	202	80	143	67	38	22	56	132	11	14	16	14	40	60	79	65	15	6	17	11	57	64	21	16
180	25	50	64	62	27	24	15	0	88	88	85	43	27	36	121	165	21	84	75	34	176	101	24	259	250	236	61	68	115	222	315	25	138	39	54	271	41	113	40	83	264	94	180	94	45	38	64	148	16	24	6	14	38	75	92	65	10	15	15	5	51	67	18	10
190	22	44	77	84	28	22	24	0	110	131	59	39	35	51	127	214	19	113	108	49	196	125	42	296	260	268	73	113	131	267	354	41	177	70	59	300	50	118	51	89	282	127	199	131	70	54	81	187	14	15	9	16	43	60	104	70	16	13	27	15	50	63	22	13
200	23	58	83	82	18	30	26	0	112	118	75	34	44	62	141	277	35	119	94	40	200	148	36	310	315	283	130	133	171	284	453	51	187	67	65	346	44	144	47	97	313	149	253	172	74	75	113	206	27	26	24	11	32	75	84	53	10	23	13	14	54	60	32	18
210	38	47	90	89	22	35	26	0	118	128	77	45	56	62	182	295	44	142	119	57	246	168	39	360	411	332	163	156	173	398	508	68	219	68	89	380	83	161	62	138	375	163	256	244	87	76	125	236	28	30	14	17	38	72	93	77	16	17	28	20	66	52	25	16
220	22	50	79	90	27	42	43	0	129	128	80	54	73	74	210	335	44	179	158	54	297	197	58	430	441	382	254	270	227	454	574	91	258	92	89	454	91	177	67	164	439	211	326	343	137	87	174	313	34	24	15	23	44	78	70	72	20	24	30	19	67	65	37	17
230	27	46	101	84	31	46	42	0	105	151	86	58	69	80	212	417	73	199	191	70	311	252	80	463	478	452	328	322	278	511	655	126	277	94	124	517	97	205	110	183	461	259	359	434	153	95	216	351	37	42	20	17	33	62	97	67	19	29	35	21	64	67	55	16
240	39	60	84	95	37	48	34	0	126	149	77	59	85	99	251	418	61	238	189	95	346	285	94	526	601	481	406	444	333	617	774	178	338	129	147	631	117	290	122	179	577	327	412	514	162	114	260	424	53	48	18	21	45	61	90	77	22	33	32	23	54	65	32	17
250	39	51	111	91	39	66	47	0	130	140	91	58	91	97	332	487	77	267	214	114	458	335	98	644	639	517	535	540	369	705	897	211	390	140	175	717	132	301	136	261	575	364	492	575	197	138	278	450	40	43	32	27	54	72	110	79	23	38	37	31	70	51	39	19
260	37	66	106	103	51	55	52	0	153	164	101	98	124	153	390	589	88	322	276	135	522	383	112	681	766	697	673	707	415	829	957	316	421	176	222	840	149	382	165	316	742	406	628	779	225	168	386	540	49	64	24	25	50	63	98	92	29	42	52	42	70	56	32	21
270	30	66	108	89	63	81	65	0	160	191	90	83	120	157	474	662	98	356	336	185	550	443	135	770	825	723	827	789	542	896	1064	419	528	205	232	884	170	349	205	375	866	479	636	813	297	181	400	612	65	70	33	37	51	73	110	69	29	43	44	33	69	69	35	19
280	35	74	109	109	64	96	88	0	179	193	110	99	148	175	550	788	102	386	347	180	605	508	171	851	928	845	934	938	588	982	1150	492	540	228	296	983	190	488	227	398	863	507	704	939	355	233	489	736	75	76	24	43	46	98	114	65	24	53	67	47	64	51	36	14
290	36	56	110	116	85	136	103	0	205	201	117	112	176	220	595	835	165	482	440	219	709	566	211	944	1045	899	1077	1077	685	1089	1241	615	664	303	313	1003	296	571	299	466	925	693	837	1037	397	270	542	864	67	93	40	50	62	102	121	88	30	63	82	63	75	72	37	29
300	34	53	133	109	85	140	107	0	231	218	117	112	218	271	630	968	174	571	481	295	826	684	256	1028	1092	1010	1272	1168	777	1204	1394	690	692	340	398	1062	278	610	316	455	1115	708	872	1128	392	319	684	941	84	88	43	53	61	92	139	93	39	81	89	74	73	63	50	29
310	42	80	141	124	132	162	136	0	240	248	142	174	254	270	692	1053	189	690	618	332	962	731	286	1124	1223	1148	1322	1258	818	1331	1527	817	860	371	455	1191	344	693	374	572	1277	780	932	1215	494	421	733	969	114	155	60	49	50	97	117	83	47	93	121	72	79	54	31	33
320	53	94	148	144	143	189	127	0	295	293	143	201	267	328	825	1082	256	720	669	380	998	903	374	1200	1383	1145	1435	1313	906	1424	1510	833	947	416	541	1334	424	763	421	659	1249	929	1070	1333	571	429	835	1089	136	151	47	65	70	104	117	108	58	104	108	85	96	83	43	39
330	27	102	172	162	204	272	163	0	291	346	153	221	334	427	919	1292	305	783	761	440	1086	986	359	1299	1370	1318	1538	1452	1011	1493	1614	1034	984	522	583	1366	449	857	500	769	1376	972	1146	1442	644	512	908	1123	140	191	56	73	67	101	127	91	84	123	149	128	102	81	45	27
340	58	104	171	134	195	262	224	0	326	375	155	300	402	449	989	1345	365	915	833	459	1281	1116	429	1452	1534	1389	1597	1609	1116	1604	1676	1068	1087	586	655	1492	541	961	585	883	1421	1082	1259	1567	762	580	1026	1236	198	200	65	82	75	103	151	118	67	170	177	132	112	91	38	45
350	59	114	201	215	283	306	256	0	363	412	207	306	426	502	1121	1407	448	1043	946	588	1362	1137	526	1530	1652	1465	1838	1690	1258	1699	1786	1234	1195	717	799	1521	599	1031	670	964	1607	1193	1370	1717	809	666	1141	1331	216	249	79	93	102	122	115	103	92	182	208	157	117	84	52	49
360	77	138	212	215	319	385	330	0	464	478	212	379	556	609	1236	1634	525	1150	1053	683	1465	1225	601	1685	1746	1598	1887	1792	1295	1754	1906	1337	1315	730	859	1679	703	1203	753	1101	1650	1299	1472	1743	913	736	1228	1451	234	298	79	129	96	89	142	106	113	203	281	166	120	80	51	43
370	63	155	233	246	372	456	350	0	475	523	243	449	620	704	1338	1634	617	1215	1137	759	1632	1354	710	1759	1771	1710	1899	1909	1414	1954	1934	1512	1472	834	931	1719	741	1289	846	1222	1776	1402	1532	1816	1043	857	1380	1639	302	332	134	132	112	140	144	128	136	263	296	230	148	101	48	66
380	81	139	288	304	519	546	425	0	602	605	278	498	749	821	1509	1703	781	1450	1207	875	1755	1482	783	1921	1890	1878	1981	2024	1508	2012	1947	1552	1556	912	1130	1709	889	1409	933	1363	1770	1438	1603	1899	1119	936	1399	1755	360	356	117	173	107	135	156	126	201	279	369	279	145	127	57	63
390	106	177	327	316	642	663	545	0	717	761	323	624	874	934	1618	1752	888	1466	1435	991	1821	1636	876	1912	1916	1892	2088	2079	1678	2066	2083	1600	1623	1099	1268	1847	982	1580	1046	1411	1937	1529	1781	1978	1242	1073	1534	1747	393	455	164	189	127	174	206	149	227	348	418	275	159	81	43	74
400	98	194	382	427	776	808	592	0	803	859	395	689	963	1023	1777	1836	986	1649	1534	1085	1953	1773	969	2094	2122	2009	2183	2210	1755	2119	2135	1713	1736	1208	1321	1891	1143	1650	1166	1595	2026	1690	1913	2019	1319	1164	1554	1877	469	541	186	230	146	185	173	183	248	379	529	362	198	92	49	98
410	131	266	477	434	876	898	663	0	858	1009	509	792	1032	1228	1822	1981	1167	1709	1652	1193	1997	1817	1153	2089	2076	2092	2359	2159	1864	2176	2127	1839	1797	1328	1437	1958	1236	1792	1241	1699	2080	1815	1942	2012	1455	1292	1753	1967	539	634	243	319	189	202	201	204	333	517	628	481	229	147	54	105
420	148	273	525	478	1049	1088	851	0	1003	1113	532	969	1168	1295	1916	1994	1278	1874	1739	1329	2236	1889	1261	2227	2226	2118	2254	2277	1914	2241	2341	2002	2025	1432	1537	2054	1362	1842	1416	1818	2128	1850	2057	2163	1564	1385	1804	2061	649	696	307	362	181	230	224	208	375	556	738	515	275	145	76	156
430	188	357	709	548	1323	1301	1025	0	1155	1244	606	1033	1297	1443	2051	2054	1474	1938	1918	1441	2311	2009	1342	2343	2290	2275	2359	2327	2001	2361	2296	1989	2162	1527	1666	2095	1536	1992	1527	1842	2279	1964	2101	2139	1713	1500	1963	2040	725	844	366	437	226	285	245	236	454	685	756	616	311	177	73	177
440	225	433	859	758	1435	1495	1115	0	1332	1471	771	1219	1474	1572	2165	2188	1653	2096	1964	1528	2459	2078	1541	2282	2359	2334	2525	2348	2069	2425	2487	2070	2126	1722	1690	2193	1699	2007	1623	2052	2324	2023	2087	2303	1841	1612	2045	2168	876	949	406	540	282	302	293	297	560	791	955	748	397	204	78	195
450	320	539	976	884	1702	1607	1308	0	1540	1522	891	1327	1587	1672	2078	2269	1734	2109	2147	1679	2515	2141	1702	2365	2431	2433	2479	2367	2133	2474	2433	2204	2329	1803	1927	2196	1780	2213	1779	2181	2335	2054	2218	2329	1796	1733	2073	2189	1038	1096	504	592	319	365	322	354	668	951	1027	787	460	191	99	261
460	398	644	1181	1003	1880	1822	1526	0	1682	1718	1050	1443	1695	1818	2288	2251	1952	2263	2227	1761	2613	2230	1743	2453	2407	2475	2497	2375	2268	2451	2448	2183	2378	1935	1930	2261	1949	2300	1947	2257	2393	2153	2299	2440	2053	1846	2159	2267	1146	1179	612	722	379	464	398	472	811	1073	1176	916	595	316	103	263
470	456	769	1338	1165	2017	1972	1749	0	1852	1934	1161	1541	1801	1871	2384	2238	2075	2288	2306	1912	2717	2336	1875	2621	2559	2549	2615	2474	2334	2481	2523	2305	2558	2004	2131	2245	2059	2309	1921	2330	2443	2235	2314	2402	2132	1988	2147	2473	1320	1367	763	841	502	511	429	532	863	1138	1333	1044	632	304	139	324
480	566	875	1594	1353	2232	2010	1836	0	1983	2063	1334	1720	1937	1962	2391	2388	2230	2440	2388	2112	2708	2531	1989	2519	2627	2515	2727	2537	2339	2543	2504	2331	2652	2100	2199	2434	2223	2394	2040	2517	2511	2282	2435	2539	2163	2121	2287	2423	1533	1533	827	980	571	598	562	625	1125	1393	1450	1214	882	346	166	408
490	758	1076	1872	1611	2480	2271	2081	0	2094	2279	1555	1782	2091	2175	2425	2453	2404	2481	2458	2048	2723	2477	2144	2569	2656	2695	2720	2600	2497	2589	2673	2326	2693	2198	2268	2457	2363	2459	2199	2538	2588	2347	2562	2513	2215	2142	2348	2410	1745	1665	1042	1147	730	803	671	783	1201	1424	1595	1341	995	474	214	478
500	907	1243	2031	1761	2488	2357	2189	0	2267	2361	1777	1896	2115	2320	2558	2482	2480	2568	2653	2219	2937	2463	2193	2626	2599	2664	2784	2710	2524	2617	2571	2421	2710	2327	2333	2439	2502	2530	2346	2531	2582	2429	2550	2622	2317	2313	2448	2458	1917	1823	1167	1359	855	883	802	936	1359	1608	1811	1408	1139	580	251	576
510	1067	1477	2229	1921	2656	2434	2248	0	2479	2577	1911	2039	2254	2350	2632	2496	2715	2618	2675	2213	2920	2621	2276	2598	2756	2706	2699	2660	2491	2568	2703	2489	2921	2401	2317	2566	2616	2616	2411	2613	2661	2590	2561	2624	2484	2350	2468	2549	2040	1974	1382	1492	1028	1116	989	1116	1508	1751	1921	1634	1305	719	286	661
520	1305	1778	2451	2161	2752	2656	2513	0	2721	2774	2091	2125	2376	2453	2680	2608	2813	2747	2702	2374	2976	2639	2366	2732	2681	2704	2715	2699	2552	2742	2689	2546	2976	2530	2374	2578	2735	2638	2500	2666	2714	2525	2607	2609	2499	2419	2585	2573	2215	2058	1524	1754	1266	1437	1198	1330	1777	1932	2169	1778	1575	815	376	778
530	1514	2008	2620	2443	2935	2759	2561	0	2715	3028	2257	2141	2497	2549	2716	2526	2889	2714	2759	2452	3005	2693	2421	2758	2797	2797	2761	2717	2562	2671	2725	2526	3031	2541	2586	2643	2773	2737	2575	2704	2681	2584	2750	2757	2552	2449	2586	2622	2424	2211	1729	1954	1526	1699	1440	1511	1893	2060	2128	1876	1813	974	435	968
540	1772	2204	2776	2464	3002	2720	2705	0	2930	3049	2412	2302	2627	2651	2865	2671	2994	2812	2768	2471	3073	2726	2480	2835	2761	2822	2864	2771	2673	2773	2769	2628	3069	2565	2596	2666	2960	2844	2708	2703	2798	2693	2594	2763	2570	2640	2625	2839	2503	2331	1862	2082	1704	1841	1642	1796	2111	2222	2322	1983	1919	1106	571	1080
550	2045	2360	2968	2741	3066	2877	2738	0	2952	3269	2502	2486	2668	2739	2819	2685	3058	2854	2898	2476	3176	2779	2510	2736	2750	2912	2906	2768	2651	2719	2850	2675	3128	2655	2708	2745	3034	2847	2707	2841	2883	2641	2729	2763	2738	2624	2849	2720	2749	2462	2128	2202	2106	2146	1861	1937	2219	2347	2506	2093	2112	1299	656	1171
560	2099	2571	3019	2897	3085	2947	2865	0	3101	3230	2734	2562	2666	2724	2914	2686	3110	2865	2930	2575	3151	2795	2571	2869	2889	2848	2903	2811	2796	2708	2805	2695	3139	2755	2752	2739	3048	2922	2721	2906	2796	2674	2756	2793	2735	2662	2749	2860	2746	2602	2273	2303	2228	2286	2083	2094	2294	2281	2558	2253	2122	1501	764	1353
570	2403	2767	3208	3002	3207	2963	2992	0	3252	3401	2923	2616	2699	2742	2973	2761	3235	2978	3021	2670	3272	2825	2643	2887	2937	2860	2904	2833	2797	2880	2884	2667	3162	2704	2749	2767	3011	3116	2718	2929	2915	2761	2781	2788	2714	2697	2866	2909	2903	2608	2285	2484	2474	2645	2311	2322	2321	2445	2569	2301	2349	1693	937	1470
580	2543	2936	3185	3132	3242	3098	3000	0	3279	3467	2993	2649	2684	2818	2952	2816	3246	2992	2968	2665	3226	2860	2659	2980	2907	2962	2996	2888	2724	2898	2902	2734	3219	2723	2780	2726	3081	2884	2832	2902	2942	2733	2876	2929	2807	2859	2882	2883	3010	2824	2420	2576	2641	2740	2535	2488	2511	2476	2599	2422	2564	1829	1024	1573
590	2621	3002	3417	3310	3360	3035	2979	0	3440	3566	2999	2701	2857	2828	3029	2842	3186	3127	3073	2809	3359	2907	2686	2818	3014	2976	3024	2860	2734	2817	2862	2831	3270	2742	2771	2803	3292	2956	2864	3052	2887	2732	2941	3004	2776	2813	2870	2931	3039	2767	2530	2561	2773	2877	2690	2639	2542	2680	2691	2453	2636	2096	1256	1743
600	2856	3201	3487	3343	3324	3178	2945	0	3422	3581	3079	2721	2926	2948	3080	2890	3309	3085	3149	2752	3179	2947	2758	2961	3002	2946	2974	2955	2918	2859	2886	2854	3325	2838	2820	2955	3218	3037	2890	3086	2974	2915	2995	2948	2866	2920	2898	2901	3171	2792	2634	2726	3044	3107	2904	2819	2650	2725	2862	2611	2859	2132	1429	1965
610	3108	3301	3595	3431	3494	3232	3110	0	3467	3661	3163	2794	2886	3006	3185	2997	3369	3025	3186	2785	3413	2985	2777	2957	2951	3008	3045	2939	2857	2936	3065	2799	3330	2997	2854	2770	3359	3074	2900	2956	3073	2898	2965	3064	2928	2864	2888	2963	3110	2982	2801	2743	3092	3183	3181	2962	2684	2849	2899	2650	2886	2403	1631	2078
620	3176	3462	3723	3535	3496	3238	3183	0	3619	3718	3350	2917	2969	3027	3115	2957	3276	3208	3147	2840	3429	2998	2796	3049	3079	3108	2994	2999	2825	2962	2910	2893	3439	2961	2869	2857	3345	3090	3058	3166	2992	2906	3057	3106	3021	2950	3025	3053	3314	3020	2906	2891	3209	3301	3180	3121	2865	2881	2796	2736	3123	2568	1846	2102
630	3250	3524	3941	3606	3504	3288	3210	0	3705	3908	3408	3004	2945	3084	3176	2999	3563	3157	3163	2937	3503	3036	2879	3061	3075	3079	3026	3088	2942	2991	3024	2863	3362	2920	2850	2881	3462	3242	2952	3069	3069	2985	3098	3132	2989	2913	2989	3061	3332	3012	2931	2954	3304	3428	3301	3272	2846	2937	3051	2757	3252	2747	1962	2149
640	3385	3617	3855	3696	3596	3282	3251	0	3808	3975	3453	3052	3064	3102	3208	3089	3503	3156	3184	2983	3500	3081	2897	3089	3089	3066	3169	2978	2928	3047	3034	2930	3466	3004	2994	2883	3537	3228	3096	3214	3036	3017	3056	3013	3121	3074	3061	3197	3508	3136	3068	3041	3393	3569	3552	3324	2866	2990	3029	2913	3328	2799	2191	2326
650	3580	3822	4077	3829	3501	3382	3330	0	3883	4007	3654	3102	3106	3207	3171	2991	3641	3337	3268	2913	3476	3046	2936	3080	3156	3170	3156	3133	2979	3049	3020	3050	3526	3066	3003	3078	3462	3245	3076	3237	2948	3061	3087	3101	3002	3103	3067	3130	3432	3194	3077	3084	3613	3772	3499	3583	2942	3097	3185	2902	3436	3021	2239	2482
660	3738	3832	4113	3851	3741	3376	3332	0	3910	4143	3696	3144	3200	3319	3249	3074	3633	3205	3273	2966	3713	3139	2948	3248	3079	3223	3159	3063	2971	3007	3070	3026	3510	3109	3036	3032	3527	3289	3082	3218	3057	3077	3113	3150	3086	3052	3147	3266	3429	3201	3116	3200	3577	3821	3759	3585	3118	3030	3281	2906	3575	3196	2428	2508
670	3687	3969	4132	4119	3715	3493	3416	0	4034	4024	3856	3255	3179	3172	3281	3110	3623	3329	3333	3024	3645	3228	2981	3040	3266	3272	3270	3192	3047	3057	3079	3073	3513	3102	3140	3062	3518	3272	3152	3188	3083	3105	3142	3162	3074	3245	3289	3281	3477	3249	3209	3049	3636	3948	3764	3674	3241	3094	3190	3030	3704	3358	2661	2574
680	3934	4092	4194	3999	3784	3511	3367	0	4131	4227	3789	3247	3226	3247	3322	3225	3834	3308	3279	3139	3576	3146	3035	3231	3218	3254	3209	3210	3052	3093	3235	3118	3561	3109	3161	2958	3531	3261	3232	3292	3142	3079	3215	3208	3062	3273	3171	3274	3532	3361	3281	3241	3843	3990	3954	3854	3182	3229	3312	3104	3758	3389	2782	2774
690	4069	4358	4449	4230	3856	3572	3554	0	4195	4164	3900	3330	3306	3342	3376	3185	3680	3309	3330	3219	3664	3185	3053	3134	3293	3317	3297	3257	3180	3272	3164	3204	3690	3143	3077	3238	3688	3493	3369	3218	3209	3254	3191	3162	3217	3245	3248	3293	3597	3315	3254	3236	3828	4085	4167	4069	3211	3310	3247	3195	3881	3522	2955	2825
700	4078	4508	4573	4363	3967	3451	3606	0	4333	4447	4010	3383	3513	3397	3409	3305	3727	3476	3384	3191	3829	3340	3114	3266	3300	3334	3320	3292	3126	3181	3180	3209	3616	3194	3213	3079	3714	3458	3290	3400	3124	3169	3244	3257	3295	3225	3314	3375	3733	3419	3334	3294	3921	4324	4251	4221	3174	3277	3487	3269	4094	3750	3080	2980
710	4417	4732	4756	4446	3998	3625	3740	0	4495	4562	4177	3525	3441	3463	3318	3399	3917	3375	3434	3253	3820	3315	3183	3345	3336	3310	3356	3368	3175	3263	3226	3194	3695	3338	3153	3140	3847	3399	3257	3324	3182	3239	3190	3245	3260	3260	3354	3319	3807	3303	3332	3291	3981	4249	4220	4294	3406	3362	3405	3173	4356	3971	3246	3096
720	4533	5010	5194	4814	4163	3770	3798	0	4556	4725	4171	3500	3364	3490	3484	3378	3842	3592	3580	3254	3760	3301	3158	3316	3405	3409	3419	3382	3177	3348	3267	3217	3770	3241	3199	3163	3842	3419	3408	3391	3279	3284	3311	3446	3370	3503	3351	3443	3749	3423	3484	3327	4101	4423	4480	4438	3298	3375	3515	3313	4386	4194	3394	3303
730	4935	5433	5384	5162	4333	3845	4164	0	4812	4996	4379	3755	3540	3644	3685	3508	4073	3608	3587	3244	4051	3387	3231	3385	3324	3455	3441	3500	3310	3357	3349	3367	3871	3442	3283	3194	3814	3516	3432	3455	3286	3202	3282	3453	3415	3500	3413	3552	3899	3599	3511	3396	4377	4780	4827	4775	3430	3526	3571	3619	5023	4512	3653	3550
740	5252	5961	5815	5452	4502	4034	4327	0	5085	5104	4540	3855	3548	3602	3551	3568	4132	3662	3615	3323	4067	3519	3321	3420	3398	3502	3400	3568	3244	3400	3426	3442	3883	3392	3418	3336	4003	3658	3473	3515	3529	3277	3381	3535	3362	3416	3434	3617	3966	3598	3457	3546	4621	5058	5039	5139	3607	3668	3683	3757	5507	4871	3744	3586
750	6384	6813	6810	6168	5028	4336	4687	0	5640	5742	4722	4007	3628	3724	3700	3681	4258	3750	3692	3419	4199	3694	3505	3593	3514	3558	3492	3547	3365	3492	3548	3459	3914	3595	3361	3317	4052	3715	3498	3651	3513	3446	3529	3631	3585	3619	3470	3740	3981	3748	3617	3538	4871	5533	5402	5754	3714	3879	3994	4085	6536	5735	4352	4356
760	7850	8283	8444	7542	5627	4915	5375	0	6583	6520	5324	4388	3946	3909	3973	3909	4497	4153	4084	3533	4501	4043	3751	3725	3637	3742	3577	3823	3588	3673	3598	3541	4184	3603	3719	3320	4373	3878	3729	3839	3667	3702	3717	3771	3551	3582	3589	4070	4313	4042	3886	4075	5426	6530	6352	6830	4205	4341	4490	4398	8451	7334	5338	5246
770	11007	10810	11380	9866	7597	6413	6629	1	8316	7695	6146	4788	4600	4518	4378	4568	5385	4786	4830	3973	5283	4682	4548	4370	3956	4080	3774	4385	3998	4142	4087	3812	4647	4061	4038	3614	4758	4801	4060	4575	4343	4057	4100	4345	3864	4200	3884	4753	4788	4546	4502	4774	6512	7958	8137	8997	5139	5720	5764	5809	11511	10116	7313	7992
780	17030	16168	16753	13983	11396	9491	8776	17	11263	10008	7630	5870	5744	5566	5173	5308	6405	6091	5900	4421	6648	5578	5773	5256	4540	4743	4356	4952	4686	5159	4957	4368	5059	4661	4670	3945	5428	5548	4725	5669	5277	4646	4774	4955	4418	4954	4297	5938	5639	5615	5382	6345	8677	10369	10618	12173	7152	8339	8390	8382	17021	14870	10873	12929
790	26928	25094	26645	20755	17714	14719	12460	73	15770	13965	10045	7665	8274	7569	6891	7152	8549	8214	7998	5402	8805	7408	7798	7112	5689	6278	5226	6285	5947	6718	6241	4927	6118	5843	6091	4562	6786	7478	5927	7689	7197	5942	6387	6362	5464	6595	5373	8408	7262	7594	7462	9479	11617	14655	14726	17356	10932	13530	13651	13292	26647	23811	17596	22135
800	48018	45546	49516	37439	34766	30666	23212	147	27487	24595	17323	13459	16773	15069	12924	13588	15083	14657	14179	8350	15623	12746	13605	12937	8951	10126	7788	10701	9808	11740	10759	6915	9259	9651	10275	6316	10082	12543	9332	14750	13674	9793	10703	10709	8915	12159	8685	17110	12872	14030	15600	21815	21583	26590	26678	31990	24038	30009	30178	28887	50091	45167	35207	45126
810	81057	80998	91051	69784	70888	66944	47929	201	51914	48959	37368	30483	42948	38322	35252	35886	37744	38308	36495	19902	38280	31683	35278	35142	20976	24800	17300	26869	25019	31128	28830	14989	19939	23967	27112	13742	21392	32066	22944	40499	35698	23810	27655	26564	22615	32886	21641	46998	32068	37135	42722	57775	45788	55001	54691	64871	56883	67755	68070	61566	92367	84705	70182	84046
820	126089	131111	148754	124047	130878	132263	97958	396	104089	107683	91464	85455	100793	98844	101407	100903	101051	105037	101010	65978	102907	94124	104433	103872	67968	81203	59171	85561	79732	95242	93860	50429	60990	77351	85779	48165	61938	91859	70459	109804	101059	71771	82622	77403	70907	96922	64974	120552	87157	99240	108718	131933	107811	116705	110806	127694	120695	132770	133287	122165	152109	138365	120417	130670
830	155361	165970	185601	167442	178971	188017	151975	1350	156498	166402	153896	160688	165257	164596	177658	177194	172182	184249	179689	141224	178506	171956	184432	181879	138337	161961	134294	164442	156651	177905	176713	120062	124473	152720	164810	115024	126871	167326	143441	184450	177285	140694	156486	149001	141710	177357	128527	196780	156269	170220	179317	198366	172955	175650	168325	181647	182456	190778	190664	175402	195895	175407	153254	158286
840	174751	192280	209098	193579	207090	215831	184528	5224	186676	197568	190161	199709	199084	202575	219629	217102	212291	220671	221718	192616	218418	213454	224740	223982	189918	209974	189199	211272	205872	219393	219587	174688	172174	201058	210653	169073	171985	211912	195388	224703	218497	190855	206757	194934	194252	221562	178532	217051	198663	207450	215542	227648	205830	208002	202419	214869	222778	221953	223881	213316	220737	205944	181824	183217
850	199857	217668	218446	216993	207828	161843	220371	16367	208343	219402	219144	218449	219987	223604	132369	177489	185613	111622	137837	216844	160739	136279	98069	100472	219891	151781	214433	167456	194641	98439	112804	213709	205193	210291	159366	207390	209990	172113	225168	108530	113425	222213	191182	217486	222743	85406	213915	71360	221821	212646	171929	126192	211277	216085	217186	197843	90897	86227	92247	180271	172234	216212	213827	213473
860	212932	179897	117104	180035	89909	47293	88976	35355	203480	174505	155139	163202	151079	123232	43854	75883	82955	49708	51472	60393	101146	61655	65286	59294	75833	55426	51809	102047	59128	47340	64881	136483	169332	93513	57141	216771	170432	70291	47567	50954	40599	59796	44028	56994	50571	34574	112804	35911	84882	66517	37269	27963	87313	93065	112056	72183	26436	24713	25035	38526	41946	82937	148460	166563
870	103685	92413	111849	105029	79368	65481	67529	71233	173292	179466	184397	190824	58846	39287	81812	149546	150977	140347	94497	76449	177711	195662	186589	179892	112073	178586	116495	160739	122190	117566	166690	162090	141594	167993	153861	153760	170742	150646	59783	136421	66985	38462	58654	49528	34674	40476	32893	45262	40727	31645	27760	28683	51106	42576	43844	36225	28992	29794	29129	27541	30106	33205	37080	37597
880	60121	167944	162085	169589	173739	168321	177512	116336	178053	161935	148235	122910	91978	65668	130769	127881	131537	127080	141229	162173	94868	110837	84891	84613	143030	102939	130140	78443	115783	101725	77332	117371	141387	92706	105003	76827	147727	119321	159790	110020	152340	80865	166455	153515	77271	152448	36758	158459	54624	37160	31280	31147	79431	52362	40724	47828	33707	32068	34164	30534	32770	30634	27804	27419
890	63648	137726	92213	145112	118025	94076	115761	86459	136745	101141	80090	56009	137035	132526	40396	36943	40580	32479	46411	49594	25666	29095	20952	20069	48858	26819	36601	21962	39518	26498	18466	38040	63335	27438	30666	26942	67662	42891	66693	38963	52355	131279	68742	92102	117350	76245	192285	64307	175430	119130	77067	78078	137029	119242	51953	89782	53831	42307	44527	40824	48417	39723	34372	31724
900	95510	68571	39672	80633	60999	31413	45244	12296	82304	47196	27673	19240	57044	51238	9645	8921	11082	7601	13760	10108	7439	6855	5596	5061	13598	5676	7627	5314	10869	5356	4448	8849	21417	6292	6489	5540	20402	9474	15813	8374	9943	32923	14174	19810	22658	10847	68319	9362	43307	64404	49716	34335	34800	55708	70258	60191	50920	49206	51289	51668	58440	60934	68187	77320
910	36689	15918	9895	20301	9940	4099	4728	261	22752	13336	7256	5721	5612	5192	1663	2292	3043	1746	3350	2044	2433	1871	1469	1435	3570	1221	1522	1504	2819	1121	1177	2439	6252	1618	1550	1316	5411	2172	2627	1784	1766	4266	2145	3184	2560	1095	8315	1241	5958	7239	3342	1794	6966	9171	14652	9343	1907	2025	2070	4099	9521	10042	13910	15287
920	13167	6852	4735	8737	3144	1213	1266	65	9607	6248	3082	2341	1242	1043	516	766	958	655	973	702	887	720	588	588	1116	520	548	618	905	477	490	827	2174	671	622	546	1840	766	823	635	659	1037	641	953	729	447	1707	517	1599	1631	736	490	2820	3756	6462	4437	629	590	568	982	4075	4013	3619	3138
930	5337	3387	2511	4409	1091	549	522	2	4588	2952	1284	956	386	354	285	360	415	346	397	332	410	375	317	301	426	270	292	338	377	265	277	381	755	357	313	294	682	396	361	330	315	392	314	402	338	247	493	301	555	517	342	277	1144	1518	2818	2150	361	328	305	467	1803	1579	1128	915
940	2143	1653	1185	2482	513	302	252	1	2414	1300	591	464	188	185	129	199	238	165	198	154	210	184	143	147	204	124	132	165	204	134	136	210	393	173	143	144	354	205	176	154	173	204	148	215	184	146	246	152	308	313	163	124	528	666	1174	966	141	121	111	208	688	572	523	430
950	1058	703	368	1293	311	153	149	0	1201	605	331	292	119	115	91	120	139	104	114	101	127	111	98	96	146	85	89	105	132	83	89	131	235	109	99	94	206	122	103	100	113	131	94	133	153	109	169	144	209	186	103	85	325	356	589	378	91	79	69	108	306	275	308	273
960	528	281	187	441	186	104	103	0	500	321	220	193	92	89	62	97	103	85	92	79	98	92	70	71	96	55	59	82	86	52	56	92	146	86	75	68	132	92	78	70	67	80	64	93	109	61	150	98	115	111	71	46	255	274	311	255	60	47	36	80	178	174	187	137
970	292	196	120	234	119	93	83	0	301	203	124	113	73	60	29	66	82	58	67	52	74	63	42	39	71	18	23	53	58	15	20	66	107	60	43	31	98	72	51	42	35	56	35	67	39	10	87	28	95	90	41	13	149	166	222	154	28	18	9	59	109	108	104	90
980	219	124	91	154	92	71	62	0	184	123	93	91	47	28	10	35	56	24	41	18	38	30	14	10	42	7	11	15	30	4	10	41	90	22	16	9	89	40	20	16	14	27	12	36	15	0	37	9	88	83	16	5	95	100	136	93	12	9	3	32	91	91	88	86
990	148	87	38	99	73	8	3	0	104	87	58	49	0	0	0	0	2	0	2	0	0	0	0	0	0	0	0	0	0	0	0	1	61	0	0	0	43	0	0	0	0	0	0	1	0	0	2	0	30	34	0	0	67	63	91	46	0	0	0	0	43	25	37	34
1000	97	0	0	56	1	0	0	0	86	2	0	0	0	0	0	0	0	0	0	0	0	0	0	0	0	0	0	0	0	0	0	0	0	0	0	0	0	0	0	0	0	0	0	0	0	0	0	0	0	1	0	0	0	0	9	0	0	0	0	0	0	0	0	0
