0	5	22	37	14	3	8	6	0	19	42	23	6	6	7	8	6	4	1	4	1	10	2	0	2	1	0	3	8	5	1	5	10	6	7	5	0	5	3	5	11	5	0	2	12	2	5	5	14	8	8	10	10	56	105	100	115	12	15	3	13	142	113	50	38
10	10	32	59	41	4	1	3	0	25	59	30	1	6	6	8	7	8	2	7	2	10	7	6	6	3	5	6	11	5	2	14	12	9	9	6	2	4	12	2	6	7	7	9	12	2	7	2	14	8	14	14	10	72	124	156	146	15	28	5	11	156	150	87	37
20	11	40	64	32	7	8	7	0	55	61	41	6	6	7	9	12	10	3	9	2	18	12	13	14	5	6	2	8	6	9	15	17	16	15	11	9	9	14	12	12	16	7	14	22	7	13	6	24	14	19	17	24	51	125	188	164	23	28	17	19	161	176	96	59
30	19	42	56	58	3	2	5	0	47	78	28	4	4	9	12	12	14	7	8	6	43	24	25	26	8	10	15	19	8	10	15	20	26	32	16	9	15	34	11	41	21	10	12	16	15	17	13	32	19	19	11	16	66	121	174	159	14	23	13	18	164	220	127	62
40	23	42	74	64	11	12	8	0	53	81	61	14	5	6	12	17	16	23	27	5	85	38	50	66	8	9	7	21	16	11	25	26	25	78	45	17	26	43	17	65	41	15	18	17	24	34	16	35	26	22	29	22	96	147	190	157	20	30	16	32	186	192	116	80
50	10	47	77	61	11	19	14	0	64	91	51	7	11	11	16	22	26	41	33	17	151	64	59	102	7	31	13	16	23	13	31	29	56	109	62	27	41	101	26	99	89	23	26	27	31	37	18	43	26	35	13	23	72	147	219	172	35	37	21	25	168	232	117	63
60	22	56	84	63	15	10	23	0	71	115	63	17	8	12	16	15	38	59	54	21	193	124	88	139	15	34	17	25	26	29	49	26	88	162	123	54	78	168	32	126	152	42	53	30	36	84	26	60	32	51	23	36	81	153	180	205	37	42	26	37	203	246	141	75
70	25	45	86	57	12	13	22	0	74	112	67	22	17	10	13	21	44	94	75	22	279	196	135	201	22	51	21	26	52	19	90	37	164	223	187	71	93	207	69	177	195	57	96	31	72	138	27	83	35	63	33	40	90	149	197	215	43	50	39	43	190	196	134	54
80	32	55	98	55	14	14	19	0	75	98	60	9	17	10	30	22	50	120	86	47	424	264	159	267	23	68	13	31	80	34	125	45	245	263	299	108	151	327	106	244	307	105	158	52	119	172	35	116	38	73	23	33	83	141	212	221	43	58	41	51	192	209	130	71
90	26	64	90	65	18	15	15	0	81	105	70	30	24	13	36	32	79	159	151	62	525	331	251	337	35	118	18	34	109	49	196	37	362	385	409	185	193	461	179	302	433	153	225	54	173	270	59	172	55	109	34	43	88	152	230	189	65	84	47	41	235	230	124	88
100	24	81	109	66	17	20	14	0	90	110	56	22	22	30	64	55	92	226	181	88	640	440	299	471	71	177	29	35	149	90	291	46	542	458	530	286	276	614	247	457	579	246	307	75	242	393	72	251	67	163	59	51	101	198	231	204	82	105	56	69	217	251	138	87
110	34	63	94	73	21	26	31	0	88	130	68	25	35	27	63	60	117	279	209	124	829	581	354	591	103	262	42	46	246	138	398	82	707	593	703	424	332	783	345	494	775	331	425	84	354	472	124	385	78	166	61	75	101	189	237	198	83	151	88	94	195	261	142	98
120	34	62	97	99	20	30	24	0	82	123	82	24	48	36	77	81	145	389	297	168	954	684	447	664	157	391	59	47	329	187	496	71	862	648	824	531	444	973	438	558	984	394	615	108	501	570	184	547	115	230	63	90	127	183	257	217	114	204	126	101	245	259	154	104
130	40	71	116	96	23	51	38	0	93	126	84	29	46	38	130	111	172	448	363	199	1115	812	522	789	249	492	64	57	430	263	686	94	1012	750	949	763	580	1089	558	722	1069	618	722	149	701	741	255	727	134	311	98	92	128	161	249	235	138	245	128	129	248	260	168	85
140	31	65	115	81	28	48	47	0	93	155	78	21	48	67	174	139	195	546	443	266	1187	958	557	983	391	615	105	75	594	394	866	134	1129	813	1101	946	705	1271	675	795	1318	755	867	226	813	846	379	917	164	388	106	93	123	195	224	241	171	273	160	148	251	262	153	100
150	34	86	103	71	36	50	49	0	88	139	80	22	63	79	212	222	257	670	548	317	1297	1005	696	1066	450	742	126	101	661	538	1051	167	1267	951	1225	1076	800	1437	730	886	1442	901	1026	294	950	903	486	1172	198	456	129	107	116	219	228	203	180	325	197	159	254	264	149	95
160	38	71	119	73	44	71	64	0	120	127	98	24	92	95	281	272	340	770	611	378	1417	1195	851	1154	630	854	210	173	881	678	1319	240	1399	1075	1369	1270	894	1551	966	1094	1597	1139	1177	459	1102	1090	719	1307	240	483	176	151	147	211	259	259	200	396	254	187	273	264	145	106
170	50	85	106	76	47	94	72	0	94	169	73	35	101	107	349	374	380	790	667	465	1493	1352	863	1345	805	939	300	232	951	834	1538	337	1534	1079	1531	1411	1085	1716	1069	1122	1744	1295	1300	605	1271	1217	928	1541	269	605	154	166	144	196	268	259	273	448	282	237	298	295	167	115
180	38	51	119	80	53	112	103	0	113	157	97	25	110	137	392	422	441	921	738	485	1647	1433	994	1410	983	1093	391	321	1183	1002	1789	419	1647	1267	1607	1602	1219	1756	1164	1202	1840	1377	1425	811	1501	1293	1117	1670	310	681	197	206	154	226	284	291	270	499	326	298	330	302	171	146
190	43	104	125	91	67	119	117	0	88	156	114	39	163	157	397	474	513	1093	853	585	1784	1497	1051	1522	1217	1188	557	432	1265	1301	1847	621	1761	1366	1652	1750	1316	1890	1332	1395	1923	1499	1523	1033	1565	1380	1297	1886	374	789	224	221	152	204	278	286	298	587	385	296	341	331	189	171
200	35	84	117	97	90	157	141	0	98	169	106	40	171	196	537	610	570	1169	926	682	1886	1637	1201	1617	1323	1326	755	591	1380	1383	2026	784	1870	1429	1826	1879	1388	1949	1413	1456	2030	1646	1665	1235	1744	1456	1506	2091	423	877	250	259	176	216	242	280	367	601	425	406	322	334	243	151
210	48	93	141	91	99	168	152	0	129	192	110	43	213	260	585	693	710	1311	1055	750	2057	1748	1206	1722	1436	1413	892	782	1464	1479	2099	975	1896	1550	1860	2066	1540	2070	1553	1518	2224	1849	1716	1487	1790	1554	1788	2201	493	932	305	301	176	241	286	336	426	682	517	454	335	350	222	188
220	48	98	157	96	113	224	175	0	131	183	143	50	227	269	684	807	778	1347	1199	869	2094	1794	1382	1800	1603	1509	1119	931	1546	1726	2312	1172	2026	1665	1959	2114	1673	2185	1660	1714	2200	1924	1863	1696	1840	1751	1841	2380	525	1105	318	357	193	227	310	322	452	793	542	505	379	388	261	224
230	62	95	162	114	128	195	227	0	121	205	147	44	273	321	862	967	902	1469	1256	958	2198	1954	1492	1912	1641	1656	1357	1110	1687	1772	2371	1393	2067	1775	2013	2201	1788	2273	1792	1824	2368	1977	1920	1935	1955	1799	2014	2488	617	1124	393	410	233	260	327	329	558	888	649	555	396	419	240	223
240	48	109	145	117	147	258	274	0	152	263	158	54	316	353	856	1047	993	1551	1347	1078	2243	1988	1613	2048	1798	1693	1508	1340	1750	1907	2418	1710	2152	1855	2096	2337	1755	2374	1790	1867	2336	2116	2024	2187	2102	1914	2182	2449	698	1320	449	399	249	276	334	421	589	984	700	682	452	402	268	271
250	76	139	136	116	175	334	276	0	164	235	163	56	338	420	952	1128	1150	1664	1464	1143	2291	2055	1628	2076	1844	1792	1776	1633	1926	1958	2533	1836	2298	1913	2185	2420	1980	2322	1959	1946	2510	2233	2112	2375	2085	1943	2228	2630	870	1315	503	489	299	307	384	428	675	1056	794	779	445	480	307	314
260	62	121	146	122	221	370	355	0	198	293	193	84	442	562	1090	1229	1234	1789	1592	1291	2490	2121	1685	2106	2019	1995	1932	1825	1952	2077	2577	2074	2265	2041	2260	2474	2205	2523	1982	2057	2556	2255	2235	2595	2284	2031	2378	2733	955	1493	618	548	322	321	385	424	751	1129	892	815	478	503	316	344
270	62	132	199	133	267	464	434	0	225	304	179	81	469	586	1225	1377	1328	1947	1607	1422	2579	2193	1868	2244	2070	1950	2076	2062	2118	2246	2634	2234	2496	2104	2313	2565	2263	2558	2129	2082	2586	2333	2318	2688	2414	2225	2452	2798	1060	1671	683	637	340	333	362	490	901	1246	973	992	571	558	371	390
280	91	163	208	142	296	525	497	0	233	305	203	98	524	631	1281	1475	1511	1970	1765	1610	2590	2204	1945	2376	2190	2127	2314	2224	2154	2315	2665	2427	2571	2204	2319	2613	2337	2609	2151	2149	2597	2447	2401	2870	2420	2247	2612	2888	1116	1699	766	760	420	400	456	571	1003	1446	1145	1022	619	523	379	423
290	88	168	229	160	338	559	537	0	218	375	256	117	638	686	1418	1634	1554	2175	1849	1675	2701	2421	1937	2417	2350	2196	2492	2455	2206	2395	2779	2489	2647	2288	2394	2600	2338	2658	2360	2337	2749	2459	2443	2943	2435	2230	2606	2989	1265	1880	838	779	412	380	449	599	1071	1512	1208	1141	758	672	452	451
300	115	187	280	202	406	637	629	0	258	370	249	116	722	821	1539	1714	1735	2166	1980	1706	2838	2462	2049	2475	2320	2244	2473	2526	2298	2401	2799	2623	2703	2399	2460	2615	2431	2763	2352	2350	2818	2516	2548	3001	2490	2443	2613	2967	1427	1900	966	927	479	451	581	714	1152	1522	1328	1159	751	720	478	563
310	134	224	260	178	496	760	743	0	323	471	326	151	802	897	1680	1811	1874	2242	2026	1867	2854	2543	2127	2568	2348	2342	2658	2686	2379	2512	2831	2840	2819	2451	2564	2741	2585	2786	2496	2477	2723	2594	2618	3079	2642	2431	2683	3131	1496	2059	992	1031	565	453	588	734	1272	1700	1443	1321	893	835	551	664
320	114	244	260	217	605	854	816	0	355	445	362	158	901	1037	1826	1977	2012	2357	2068	1918	2953	2570	2251	2566	2491	2401	2750	2770	2504	2435	2903	2901	2752	2437	2518	2715	2610	2808	2532	2477	2854	2726	2593	3101	2652	2527	2732	3187	1643	2281	1135	1177	597	580	663	871	1354	1865	1637	1444	983	893	570	729
330	160	290	296	218	693	896	861	0	348	574	399	164	1064	1149	1952	2110	1994	2453	2189	1973	2992	2550	2317	2580	2557	2486	2834	2961	2495	2616	2925	2849	2792	2521	2642	2829	2687	2859	2563	2674	2896	2784	2668	3248	2682	2536	2889	3206	1673	2306	1333	1258	741	648	646	965	1420	1912	1715	1652	1121	1000	642	763
340	158	295	342	249	915	1080	1007	0	421	672	537	225	1123	1208	2131	2313	2210	2488	2298	2072	2917	2667	2403	2780	2630	2590	2889	2977	2602	2744	2927	3056	2896	2620	2783	2870	2757	2972	2650	2627	2844	2722	2789	3377	2740	2724	2919	3325	1890	2256	1384	1414	787	670	771	1061	1732	2048	1734	1744	1217	1002	739	870
350	232	381	418	291	1007	1266	1092	0	456	741	508	282	1243	1318	2116	2395	2295	2577	2356	2249	3115	2673	2486	2703	2605	2522	2984	3143	2591	2719	3019	3124	3022	2599	2735	2902	2875	2918	2691	2696	2993	2811	2773	3313	2748	2712	2936	3221	1998	2427	1559	1525	944	864	857	1221	1777	2141	1988	1874	1434	1173	849	999
360	253	428	504	360	1211	1476	1255	0	551	844	675	343	1319	1533	2275	2484	2490	2640	2530	2242	3113	2703	2494	2696	2759	2539	2929	3231	2752	2818	3008	3179	3046	2708	2760	2817	2957	3024	2767	2765	2979	2755	2863	3320	2848	2723	3004	3425	2117	2491	1663	1687	1031	950	981	1368	1830	2239	2111	2016	1567	1357	882	1053
370	264	474	538	375	1398	1525	1382	0	649	916	727	353	1456	1571	2255	2588	2423	2717	2509	2373	3164	2751	2595	2945	2754	2838	2890	3271	2848	2832	3056	3265	3019	2714	2772	2924	2950	3031	2774	2830	2989	2804	2916	3362	2976	2900	2953	3414	2376	2606	1820	1721	1176	994	1036	1574	2035	2349	2200	2135	1723	1574	993	1239
380	339	577	665	425	1530	1702	1549	0	787	1066	872	441	1604	1629	2442	2602	2643	2806	2543	2511	3082	2904	2662	3018	2870	2746	3056	3231	2773	2968	3092	3364	3176	2720	2840	3050	3027	3104	2792	2948	3081	3010	2928	3385	2911	2963	3191	3378	2406	2615	1955	1922	1340	1158	1245	1774	2116	2334	2277	2189	1977	1644	1114	1361
390	398	727	809	530	1863	1857	1649	0	860	1187	949	520	1779	1746	2565	2766	2714	2705	2688	2587	3269	2928	2658	2946	2902	2833	3063	3287	2803	2838	3096	3349	3182	2761	2875	3093	3137	3110	2905	2931	3139	2882	3065	3462	3032	2936	3098	3497	2480	2711	2056	2097	1564	1393	1338	1981	2336	2551	2378	2371	2196	1897	1233	1521
400	507	813	979	588	2102	1977	1826	0	992	1323	1059	657	1908	1878	2617	2931	2792	2885	2757	2684	3311	2933	2770	3039	2964	2813	3014	3452	2991	2900	3120	3363	3223	2905	2815	3009	3104	3061	2926	3031	3101	2982	3097	3387	3044	3001	3092	3518	2618	2929	2160	2183	1729	1592	1595	2199	2407	2618	2498	2491	2493	2025	1433	1674
410	635	1000	1172	700	2157	2207	1984	0	1176	1585	1255	744	1981	2068	2707	2997	2908	2878	2785	2632	3361	2946	2803	3094	2969	2927	3140	3399	2956	2890	3183	3495	3344	2905	2936	3095	3200	3137	2992	3012	3181	3078	3142	3575	3116	3021	3100	3413	2740	2876	2197	2288	1838	1719	1761	2420	2584	2652	2510	2679	2729	2327	1717	1900
420	820	1139	1426	883	2401	2318	2160	0	1320	1699	1450	815	2117	2265	2800	3031	3043	2944	2909	2734	3334	3051	2854	3116	2992	2986	3144	3463	2946	2989	3188	3466	3257	3050	2995	3095	3278	3223	3055	3072	3132	3073	3076	3587	3097	3029	3255	3609	2775	3007	2491	2479	2145	2047	1910	2614	2562	2797	2664	2755	2861	2410	1791	2094
430	913	1457	1628	1029	2650	2454	2300	0	1457	1957	1583	1004	2271	2348	2887	3112	3134	2952	2971	2776	3426	3046	2912	3101	3048	3014	3204	3475	2980	2984	3273	3529	3314	3023	3035	3073	3441	3258	3083	3122	3192	3092	3196	3500	3098	3077	3148	3564	2889	3148	2550	2542	2313	2261	2210	2876	2762	2863	2769	2862	3324	2710	1968	2231
440	1150	1630	1873	1154	2693	2660	2457	0	1718	2085	1797	1111	2393	2437	2860	3153	3246	3162	2932	2892	3530	3019	2973	3108	3128	3005	3291	3502	3109	3103	3181	3547	3398	3093	3113	3172	3475	3171	3132	3140	3278	3065	3104	3622	3286	3126	3203	3603	3007	3184	2669	2555	2494	2581	2389	3160	2898	2936	2846	2989	3506	3020	2253	2627
450	1413	1915	2238	1452	2896	2734	2657	0	1927	2252	1980	1212	2426	2492	2981	3187	3280	3181	2984	2914	3409	3028	2935	3109	3072	3047	3318	3538	3174	3156	3215	3552	3465	3113	3157	3117	3451	3288	3207	3225	3278	3221	3191	3600	3258	3271	3285	3613	3067	3128	2806	2706	2761	2842	2777	3297	2838	3051	2991	3119	3520	3131	2475	2703
460	1586	2176	2525	1686	2996	2837	2755	0	2076	2496	2177	1379	2569	2617	2979	3326	3377	3117	3057	2964	3486	3131	2949	3233	3147	3022	3311	3581	3054	3081	3348	3614	3457	3085	3191	3114	3494	3291	3201	3106	3286	3143	3290	3608	3207	3266	3251	3727	3226	3221	2788	2809	3004	3072	2998	3602	3084	3072	3063	3235	3801	3350	2573	2932
470	1907	2403	2747	1949	3113	2971	2821	0	2228	2609	2417	1476	2558	2737	3010	3236	3328	3146	3012	2957	3491	3004	3116	3293	3097	3089	3361	3701	3060	3110	3274	3589	3562	3110	3095	3172	3514	3247	3189	3121	3283	3214	3362	3681	3257	3326	3357	3826	3243	3270	2946	2895	3187	3408	3244	3753	3182	3111	3145	3284	3881	3488	2782	3030
480	2167	2574	2964	2324	3181	2986	2989	0	2517	2828	2508	1615	2722	2815	3033	3287	3353	3204	3138	3175	3438	3247	3046	3293	3205	3203	3198	3675	3180	3089	3334	3719	3492	3192	3274	3193	3510	3319	3247	3219	3329	3267	3269	3680	3306	3304	3434	3754	3418	3260	3010	2935	3339	3520	3495	3954	3154	3184	3101	3317	4157	3698	3092	3182
490	2401	2970	3240	2458	3195	3108	2936	0	2712	3041	2745	1848	2892	2845	3068	3362	3449	3283	3096	3147	3578	3205	3112	3327	3183	3182	3352	3696	3267	3208	3414	3658	3560	3236	3197	3269	3575	3381	3266	3209	3314	3346	3307	3687	3307	3343	3309	3816	3459	3300	3049	3100	3593	3742	3686	4101	3266	3273	3248	3500	4246	3948	3184	3438
500	2625	3104	3276	2685	3397	3024	3099	0	2818	3146	2982	1988	2986	2910	3192	3482	3496	3353	3195	3068	3635	3112	3041	3282	3264	3226	3366	3675	3276	3244	3418	3645	3616	3225	3231	3232	3617	3444	3447	3210	3346	3355	3276	3838	3357	3376	3419	3785	3473	3310	3248	3117	3659	4014	3879	4177	3324	3281	3253	3430	4339	4189	3416	3533
510	2809	3377	3462	2955	3335	3193	3192	0	3093	3242	3031	2186	2987	3092	3226	3463	3654	3378	3219	3140	3610	3250	3117	3373	3254	3263	3397	3617	3362	3198	3424	3698	3681	3230	3331	3345	3680	3448	3321	3275	3419	3312	3392	3830	3296	3372	3334	3885	3568	3430	3175	3232	3855	4240	4097	4444	3347	3315	3416	3592	4499	4383	3822	3710
520	3177	3496	3581	3341	3527	3275	3210	0	3217	3504	3103	2273	3097	3112	3379	3508	3611	3356	3189	3234	3623	3239	3275	3372	3328	3256	3286	3893	3231	3322	3385	3707	3779	3256	3227	3147	3681	3404	3454	3309	3409	3324	3405	3771	3484	3473	3366	3926	3483	3364	3276	3221	3889	4279	4117	4498	3439	3346	3370	3721	4349	4299	3724	3803
530	3318	3559	3699	3288	3432	3316	3300	0	3457	3524	3369	2455	3050	3160	3185	3528	3676	3304	3296	3224	3759	3394	3243	3374	3219	3277	3382	3829	3219	3261	3409	3800	3681	3339	3263	3538	3772	3407	3376	3396	3405	3280	3423	3773	3463	3434	3423	3866	3706	3609	3447	3291	4014	4216	4393	4635	3336	3426	3368	3704	4577	4455	3846	3919
540	3498	3712	4028	3443	3499	3269	3335	0	3470	3505	3409	2590	3154	3226	3350	3552	3616	3501	3232	3356	3736	3294	3224	3423	3359	3344	3432	3736	3319	3247	3540	3847	3747	3324	3356	3335	3766	3585	3391	3405	3459	3371	3520	3786	3333	3483	3479	3900	3744	3506	3404	3312	4136	4348	4568	4502	3514	3470	3455	3650	4645	4554	4025	4047
550	3603	3680	3929	3578	3582	3322	3361	0	3588	3676	3420	2776	3224	3247	3326	3512	3786	3417	3320	3289	3845	3389	3240	3512	3300	3312	3455	3733	3280	3372	3458	3922	3793	3356	3300	3300	3846	3572	3475	3393	3490	3444	3480	3909	3503	3516	3556	3904	3822	3570	3416	3427	4260	4593	4547	4616	3627	3468	3296	3760	4606	4638	4070	4110
560	3727	3753	4011	3617	3551	3364	3356	0	3638	3862	3552	2882	3220	3198	3405	3572	3683	3452	3346	3227	3758	3315	3347	3432	3468	3321	3458	3923	3354	3380	3566	3788	3791	3435	3326	3496	3738	3590	3538	3525	3594	3483	3515	3992	3365	3580	3488	3922	3858	3642	3548	3402	4311	4759	4732	4787	3544	3563	3482	3687	4745	4645	4243	4239
570	3729	3941	4076	3823	3702	3412	3489	0	3720	3943	3705	3008	3305	3262	3409	3781	3683	3561	3409	3306	3794	3398	3274	3453	3389	3288	3539	3808	3505	3378	3457	3914	3770	3362	3262	3413	3985	3724	3595	3444	3529	3458	3423	3837	3521	3579	3570	4053	3895	3517	3436	3473	4413	4486	4753	4828	3644	3588	3437	3934	4764	4617	4248	4150
580	3784	3887	4190	3886	3679	3529	3537	0	3822	3991	3693	3139	3259	3383	3488	3832	3808	3584	3577	3367	3875	3436	3390	3434	3413	3484	3490	3903	3473	3328	3487	3960	3921	3518	3385	3419	3914	3694	3576	3610	3608	3431	3630	3848	3496	3552	3568	3980	3806	3643	3548	3516	4536	4614	4834	4851	3728	3520	3537	3857	4859	4893	4197	4222
590	3843	3897	4184	3986	3680	3377	3523	0	3857	3999	3822	3322	3334	3291	3476	3811	3849	3619	3536	3291	3910	3514	3445	3577	3435	3499	3542	3892	3595	3510	3680	3870	3809	3510	3377	3482	3796	3722	3595	3669	3494	3482	3601	4080	3577	3653	3550	4020	3894	3671	3708	3600	4452	4819	4988	4961	3729	3695	3688	3920	4911	4966	4414	4411
600	3986	4106	4299	4063	3771	3570	3700	0	3982	4100	3922	3283	3286	3372	3465	3823	3965	3691	3575	3460	3960	3588	3575	3568	3535	3408	3566	3976	3552	3357	3538	3965	3945	3516	3441	3484	3969	3745	3504	3618	3704	3597	3618	3901	3628	3673	3733	4118	3898	3796	3599	3565	4655	4937	5072	5030	3765	3673	3670	3863	5091	4947	4510	4455
610	4165	4221	4320	4286	3789	3547	4013	0	4019	4141	3763	3369	3311	3503	3459	3775	3908	3777	3673	3536	4072	3854	3769	3830	3475	3546	3603	4057	3491	3511	3662	3891	3870	3594	3531	3557	4079	3807	3703	3660	3762	3558	3619	4031	3625	3731	3627	4160	4018	3699	3630	3690	4540	4825	5108	5178	3835	3744	3719	4050	5223	5020	4602	4443
620	4210	4327	4473	4291	3807	3785	4112	0	4182	4169	3952	3568	3336	3476	3576	3936	4002	3902	3752	3564	4105	3870	3729	3834	3600	3468	3567	4090	3574	3494	3633	4168	4044	3501	3473	3641	3973	3923	3692	3841	3739	3624	3781	4142	3798	3834	3720	4149	4012	3830	3692	3828	4726	5156	4999	5260	4013	3797	3814	4142	5234	5124	4687	4648
630	4425	4599	4807	4337	4023	3782	4429	0	4282	4334	3996	3799	3532	3623	3619	4071	4126	4172	3951	3491	4437	4118	4019	4015	3564	3625	3655	3944	3604	3513	3843	4007	4076	3784	3646	3559	4259	4181	3766	4002	3831	3627	4000	4143	3692	3817	3856	4230	4178	3874	3751	3763	4640	5193	5327	5261	3925	3972	3775	4097	5517	5316	4770	4754
640	4582	4658	5023	4707	4016	3783	4570	0	4556	4525	4182	3804	3604	3483	3680	3945	4161	4414	4113	3719	4535	4508	4457	4308	3635	3647	3683	4160	3675	3787	3754	4021	4027	3791	3574	3542	4339	4463	3888	4252	3993	3705	4049	4162	3723	4169	3994	4299	4081	3951	3800	3745	4837	5264	5451	5385	4052	4170	4017	4179	5823	5530	4990	4867
650	5062	5084	5478	5144	4423	4119	5077	0	5158	4761	4339	3858	3589	3718	3690	4111	4425	4807	4608	3782	4966	5079	4846	4672	3745	3860	3707	4132	4003	3899	3995	4123	4205	4029	3762	3777	4482	4874	4263	4548	4260	3976	4378	4269	3847	4467	4082	4355	4206	4175	3894	3878	5041	5597	5756	5899	4263	4250	4319	4471	6302	5988	5132	5251
660	6044	6077	6405	5868	4814	4617	5650	0	5814	5097	4428	4033	3739	3757	3794	4093	4710	5257	5182	3917	5331	5518	5233	4962	3759	4002	3768	4145	4076	4435	4584	4311	4298	4488	3994	3951	4611	5439	4544	5024	4555	4318	4716	4226	4188	4915	4381	4385	4436	4412	3887	3907	5279	6060	6233	6450	4548	4918	4751	4669	7576	6741	5606	5781
670	6868	7097	7713	6955	5426	5336	6400	0	6923	5618	4885	4261	3713	3942	4063	4255	5171	5958	5851	4156	5803	6176	5936	5256	4101	4443	4053	4601	4378	4988	4942	4466	4683	4968	4296	4030	4900	6059	5024	5737	5036	4873	5356	4600	4531	5589	4761	4820	4864	4842	4311	4291	5835	6723	6899	7353	4777	5643	5497	5016	8826	7975	6318	6506
680	9980	10386	10943	9595	7349	6985	7704	0	9134	7026	5606	4783	4306	4545	4487	4647	5923	7071	6897	4706	6599	7183	6916	5928	4538	5177	4403	4792	4947	6046	5873	4538	5178	5910	5366	4566	5628	7330	6148	6818	6075	5827	6162	5015	5097	6432	5478	5451	5361	5875	4965	4867	6719	8244	8465	9574	5980	7284	7059	6422	12878	11183	8090	9050
690	14913	15189	16494	13492	10794	9914	9435	0	12039	9416	6701	5636	5186	5272	5250	5556	7311	8387	8225	5642	7980	8266	8140	7099	5468	6361	5284	5674	5653	7230	7016	5152	6188	7296	6486	5152	6419	8562	7200	8190	7243	7047	7308	5850	6051	7870	6413	6900	6524	7162	6220	6270	8443	10937	11190	12967	7913	9938	9684	8775	18945	16054	11468	13740
700	27202	27157	30048	22886	19629	17786	14055	2	18360	15051	10329	8090	8342	8435	8053	8396	10373	11301	11196	7550	11661	10837	11179	10206	7161	8467	6864	8012	7991	9856	9692	6458	7831	9563	8888	6288	8426	11256	9459	11795	10514	9311	9725	8521	7900	10152	8189	10718	9407	10494	9895	11037	13026	18163	18396	22154	13628	17234	16765	15896	34015	28314	20472	26213
710	54584	53885	60758	45889	43940	40922	28892	69	34985	30742	21945	16879	20696	19995	17961	18772	21285	21531	20911	12759	21847	18580	20499	20390	12746	14916	11508	15407	14863	17855	17511	10845	13169	15675	16195	9574	13860	19125	15309	23054	20216	15070	16793	15801	13878	18379	13850	24086	18434	21010	22497	28306	27838	37001	36263	44217	32574	40191	39659	37946	65464	56770	45017	56181
720	101548	105400	118817	93990	96464	98655	69828	208	75410	74851	58652	52421	67106	63484	62697	63178	64716	66513	64013	37000	64414	55745	62274	64498	37639	46243	32967	48729	47231	56695	57607	30255	36350	46628	50050	26236	36817	56333	43813	70940	61568	42025	50169	46911	41401	57589	39138	76186	55391	62904	71065	87306	71117	85188	82054	97586	87573	99156	99484	90785	126586	111611	95515	109992
730	148718	161038	179531	159083	170464	178418	137940	496	143163	151263	137719	144529	147808	146829	157340	158099	154994	164406	156317	115505	154448	147642	159992	160250	112635	134303	107683	141270	132090	150534	153930	100115	106811	133095	138420	91617	104054	145602	123105	162877	150742	116217	133875	127253	120318	150742	108254	175745	138153	149275	160241	178635	152100	160589	151125	170886	168087	176272	177379	163058	187626	169709	145067	155056
740	179636	195248	213318	200424	212909	221356	193125	3036	191785	201888	202313	209253	204258	205036	220050	219596	213009	221536	220187	193191	218173	215927	222949	224637	190895	208544	188360	211406	209452	220404	221687	182850	174586	203033	210203	174843	173405	210678	194227	221455	216905	187785	202626	196307	190441	214940	176214	221417	200422	209233	216726	226724	207561	206883	200872	216658	220675	223733	222943	213632	222374	204506	188493	192271
750	207633	219344	184709	219908	161217	92686	197453	16250	211935	207934	196228	169283	214496	209173	89066	118793	136245	92737	100549	186496	137125	114444	99943	90294	187780	130349	185928	144979	151038	89128	100323	212090	214084	179287	129681	212339	215789	143051	192425	106824	106347	222046	169818	196939	215190	86602	216516	74167	212775	196473	138459	87512	181725	201825	211674	170590	60754	60091	60598	120164	129576	203160	221421	223639
760	173978	119262	111005	134993	77038	59041	66973	43885	181360	164690	150560	170798	55643	46241	72156	112232	132821	117631	85734	84426	186038	181658	191345	188067	98236	164308	115515	178418	113745	89356	173297	150396	148076	173235	145871	172452	184765	154721	80575	141827	73881	53003	77373	67600	54473	49437	55300	55316	58809	44842	31999	29623	74438	75301	80794	57299	27417	26146	27390	29343	38284	51352	88254	89526
770	62876	181822	141639	174062	162112	145460	163054	96787	165586	143863	124350	87369	106246	91201	92748	89233	91622	86470	101071	112781	66922	79642	62394	58489	105767	74593	95771	61312	85664	78896	51737	86529	111788	71378	78011	65462	114515	91835	123538	84063	115311	192167	127247	160235	189381	150501	83639	130670	151081	59250	45569	45436	139525	78145	54724	61408	38111	35387	34880	32541	45569	36113	32633	30451
780	86230	118739	67886	132600	104020	61097	89836	25240	129783	73892	47700	26501	103781	90784	20583	18924	21503	18452	26218	23992	16638	16904	14051	12652	26376	14868	20129	13699	21747	15234	11439	18743	36169	14927	16840	14312	36553	21749	32955	21367	24972	69585	32511	43866	53834	30889	131677	26008	89224	129237	113688	83988	73369	110879	163605	121484	139453	125347	126659	102797	152766	113046	66979	54871
790	42722	17980	11343	23757	12401	5571	6063	200	25233	15331	8667	5134	5385	6043	2273	3236	4328	3458	5252	4099	4233	3820	3205	2703	4950	2584	3390	2871	4300	3067	2414	3596	8310	3358	3351	2056	7567	4873	6007	4080	4193	8464	5011	6201	6045	3356	14289	2521	8579	11353	5941	2667	9052	12494	20114	11689	3487	5046	4698	6990	12897	13812	18910	20771
800	10544	5387	3510	7766	2724	1070	1042	8	8499	5384	2637	1568	556	651	340	620	958	700	1086	772	1056	828	688	643	1012	504	671	575	980	689	551	758	2527	821	851	385	2269	1494	1531	927	1056	2168	1082	1435	1265	720	3409	529	1804	2112	853	379	3319	4105	6349	3842	677	802	705	1212	3835	4388	4124	3386
